/*--------------------------------*- C++ -*----------------------------------*\
| =========                 |                                                 |
| \\      /  F ield         | OpenFOAM: The Open Source CFD Toolbox           |
|  \\    /   O peration     | Version:  2312                                  |
|   \\  /    A nd           | Website:  www.openfoam.com                      |
|    \\/     M anipulation  |                                                 |
\*---------------------------------------------------------------------------*/
FoamFile
{
    version     2.0;
    format      ascii;
    arch        "LSB;label=32;scalar=64";
    class       volScalarField;
    location    "0.35";
    object      psi;
}
// * * * * * * * * * * * * * * * * * * * * * * * * * * * * * * * * * * * * * //

dimensions      [0 0 0 0 0 0 0];

internalField   nonuniform List<scalar> 
10000
(
0.00112497
0.00112498
0.001125
0.001125
0.001125
0.001125
0.001125
0.001125
0.001125
0.001125
0.001125
0.001125
0.001125
0.001125
0.001125
0.001125
0.001125
0.001125
0.001125
0.001125
0.001125
0.001125
0.001125
0.001125
0.001125
0.001125
0.001125
0.001125
0.001125
0.001125
0.001125
0.001125
0.001125
0.001125
0.001125
0.001125
0.001125
0.001125
0.001125
0.001125
0.001125
0.001125
0.001125
0.001125
0.001125
0.001125
0.001125
0.001125
0.001125
0.001125
0.001125
0.001125
0.001125
0.001125
0.001125
0.001125
0.001125
0.001125
0.001125
0.001125
0.001125
0.001125
0.001125
0.001125
0.001125
0.001125
0.001125
0.001125
0.001125
0.001125
0.001125
0.001125
0.001125
0.001125
0.001125
0.001125
0.001125
0.001125
0.001125
0.001125
0.001125
0.001125
0.001125
0.001125
0.001125
0.001125
0.001125
0.001125
0.001125
0.001125
0.001125
0.001125
0.001125
0.001125
0.001125
0.001125
0.001125
0.001125
0.001125
0.001125
0.00112498
0.00112499
0.001125
0.001125
0.001125
0.001125
0.001125
0.001125
0.001125
0.001125
0.001125
0.001125
0.001125
0.001125
0.001125
0.001125
0.001125
0.001125
0.001125
0.001125
0.001125
0.001125
0.001125
0.001125
0.001125
0.001125
0.001125
0.001125
0.001125
0.001125
0.001125
0.001125
0.001125
0.001125
0.001125
0.001125
0.001125
0.001125
0.001125
0.001125
0.001125
0.001125
0.001125
0.001125
0.001125
0.001125
0.001125
0.001125
0.001125
0.001125
0.001125
0.001125
0.001125
0.001125
0.001125
0.001125
0.001125
0.001125
0.001125
0.001125
0.001125
0.001125
0.001125
0.001125
0.001125
0.001125
0.001125
0.001125
0.001125
0.001125
0.001125
0.001125
0.001125
0.001125
0.001125
0.001125
0.001125
0.001125
0.001125
0.001125
0.001125
0.001125
0.001125
0.001125
0.001125
0.001125
0.001125
0.001125
0.001125
0.001125
0.001125
0.001125
0.001125
0.001125
0.001125
0.001125
0.001125
0.001125
0.001125
0.001125
0.001125
0.001125
0.001125
0.001125
0.001125
0.001125
0.001125
0.001125
0.001125
0.001125
0.001125
0.001125
0.001125
0.001125
0.001125
0.001125
0.001125
0.001125
0.001125
0.001125
0.001125
0.001125
0.001125
0.001125
0.001125
0.001125
0.001125
0.001125
0.001125
0.001125
0.001125
0.001125
0.001125
0.001125
0.001125
0.001125
0.001125
0.001125
0.001125
0.001125
0.001125
0.001125
0.001125
0.001125
0.001125
0.001125
0.001125
0.001125
0.001125
0.001125
0.001125
0.001125
0.001125
0.001125
0.001125
0.001125
0.001125
0.001125
0.001125
0.001125
0.001125
0.001125
0.001125
0.001125
0.001125
0.001125
0.001125
0.001125
0.001125
0.001125
0.001125
0.001125
0.001125
0.001125
0.001125
0.001125
0.001125
0.001125
0.001125
0.001125
0.001125
0.001125
0.001125
0.001125
0.001125
0.001125
0.001125
0.001125
0.001125
0.001125
0.001125
0.001125
0.001125
0.001125
0.001125
0.001125
0.001125
0.001125
0.001125
0.001125
0.001125
0.001125
0.001125
0.001125
0.001125
0.001125
0.001125
0.001125
0.001125
0.001125
0.001125
0.001125
0.001125
0.001125
0.001125
0.001125
0.001125
0.001125
0.001125
0.001125
0.001125
0.001125
0.001125
0.001125
0.001125
0.001125
0.001125
0.001125
0.001125
0.001125
0.001125
0.001125
0.001125
0.001125
0.001125
0.001125
0.001125
0.001125
0.001125
0.001125
0.001125
0.001125
0.001125
0.001125
0.001125
0.001125
0.001125
0.001125
0.001125
0.001125
0.001125
0.001125
0.001125
0.001125
0.001125
0.001125
0.001125
0.001125
0.001125
0.001125
0.001125
0.001125
0.001125
0.001125
0.001125
0.001125
0.001125
0.001125
0.001125
0.001125
0.001125
0.001125
0.001125
0.001125
0.001125
0.001125
0.001125
0.001125
0.001125
0.001125
0.001125
0.001125
0.001125
0.001125
0.001125
0.001125
0.001125
0.001125
0.001125
0.001125
0.001125
0.001125
0.001125
0.001125
0.001125
0.001125
0.001125
0.001125
0.001125
0.001125
0.001125
0.001125
0.001125
0.001125
0.001125
0.001125
0.001125
0.001125
0.001125
0.001125
0.001125
0.001125
0.001125
0.001125
0.001125
0.001125
0.001125
0.001125
0.001125
0.001125
0.001125
0.001125
0.001125
0.001125
0.001125
0.001125
0.001125
0.001125
0.001125
0.001125
0.001125
0.001125
0.001125
0.001125
0.001125
0.001125
0.001125
0.001125
0.001125
0.001125
0.001125
0.001125
0.001125
0.001125
0.001125
0.001125
0.001125
0.001125
0.001125
0.001125
0.001125
0.001125
0.001125
0.001125
0.001125
0.001125
0.001125
0.001125
0.001125
0.001125
0.001125
0.001125
0.001125
0.001125
0.001125
0.001125
0.001125
0.001125
0.001125
0.001125
0.001125
0.001125
0.001125
0.001125
0.001125
0.001125
0.001125
0.001125
0.001125
0.001125
0.001125
0.001125
0.001125
0.001125
0.001125
0.001125
0.001125
0.001125
0.001125
0.001125
0.001125
0.001125
0.001125
0.001125
0.001125
0.001125
0.001125
0.001125
0.001125
0.001125
0.001125
0.001125
0.001125
0.001125
0.001125
0.001125
0.001125
0.001125
0.001125
0.001125
0.001125
0.001125
0.001125
0.001125
0.001125
0.001125
0.001125
0.001125
0.001125
0.001125
0.001125
0.001125
0.001125
0.001125
0.001125
0.001125
0.001125
0.001125
0.001125
0.001125
0.001125
0.001125
0.001125
0.001125
0.001125
0.001125
0.001125
0.001125
0.001125
0.001125
0.001125
0.001125
0.001125
0.001125
0.001125
0.001125
0.001125
0.001125
0.001125
0.001125
0.001125
0.001125
0.001125
0.001125
0.001125
0.001125
0.001125
0.001125
0.001125
0.001125
0.001125
0.001125
0.001125
0.001125
0.001125
0.001125
0.001125
0.001125
0.001125
0.001125
0.001125
0.001125
0.001125
0.001125
0.001125
0.001125
0.001125
0.001125
0.001125
0.001125
0.001125
0.001125
0.001125
0.001125
0.001125
0.001125
0.001125
0.001125
0.001125
0.001125
0.001125
0.001125
0.001125
0.001125
0.001125
0.001125
0.001125
0.001125
0.001125
0.001125
0.001125
0.001125
0.001125
0.001125
0.001125
0.001125
0.001125
0.001125
0.001125
0.001125
0.001125
0.001125
0.001125
0.001125
0.001125
0.001125
0.001125
0.001125
0.001125
0.001125
0.001125
0.001125
0.001125
0.001125
0.001125
0.001125
0.001125
0.001125
0.001125
0.001125
0.001125
0.001125
0.001125
0.001125
0.001125
0.001125
0.001125
0.001125
0.001125
0.001125
0.001125
0.001125
0.001125
0.001125
0.001125
0.001125
0.001125
0.001125
0.001125
0.001125
0.001125
0.001125
0.001125
0.001125
0.001125
0.001125
0.001125
0.001125
0.001125
0.001125
0.001125
0.001125
0.001125
0.001125
0.001125
0.001125
0.001125
0.001125
0.001125
0.001125
0.001125
0.001125
0.001125
0.001125
0.001125
0.001125
0.001125
0.001125
0.001125
0.001125
0.001125
0.001125
0.001125
0.001125
0.001125
0.001125
0.001125
0.001125
0.001125
0.001125
0.001125
0.001125
0.001125
0.001125
0.001125
0.001125
0.001125
0.001125
0.001125
0.001125
0.001125
0.001125
0.001125
0.001125
0.001125
0.001125
0.001125
0.001125
0.001125
0.001125
0.001125
0.001125
0.001125
0.001125
0.001125
0.001125
0.001125
0.001125
0.001125
0.001125
0.001125
0.001125
0.001125
0.001125
0.001125
0.001125
0.001125
0.001125
0.001125
0.001125
0.001125
0.001125
0.001125
0.001125
0.001125
0.001125
0.001125
0.001125
0.001125
0.001125
0.001125
0.001125
0.001125
0.001125
0.001125
0.001125
0.001125
0.001125
0.001125
0.001125
0.001125
0.001125
0.001125
0.001125
0.001125
0.001125
0.001125
0.001125
0.001125
0.001125
0.001125
0.001125
0.001125
0.001125
0.001125
0.001125
0.001125
0.001125
0.001125
0.001125
0.001125
0.001125
0.001125
0.001125
0.001125
0.001125
0.001125
0.001125
0.001125
0.001125
0.001125
0.001125
0.001125
0.001125
0.001125
0.001125
0.001125
0.001125
0.001125
0.001125
0.001125
0.001125
0.001125
0.001125
0.001125
0.001125
0.001125
0.001125
0.001125
0.001125
0.001125
0.001125
0.001125
0.001125
0.001125
0.001125
0.001125
0.001125
0.001125
0.001125
0.001125
0.001125
0.001125
0.001125
0.001125
0.001125
0.001125
0.001125
0.001125
0.001125
0.001125
0.001125
0.001125
0.001125
0.001125
0.001125
0.001125
0.001125
0.001125
0.001125
0.001125
0.001125
0.001125
0.001125
0.001125
0.001125
0.001125
0.001125
0.001125
0.001125
0.001125
0.001125
0.001125
0.001125
0.001125
0.001125
0.001125
0.001125
0.001125
0.001125
0.001125
0.001125
0.001125
0.001125
0.001125
0.001125
0.001125
0.001125
0.001125
0.001125
0.001125
0.001125
0.001125
0.001125
0.001125
0.001125
0.001125
0.001125
0.001125
0.001125
0.001125
0.001125
0.001125
0.001125
0.001125
0.001125
0.001125
0.001125
0.001125
0.001125
0.001125
0.001125
0.001125
0.001125
0.001125
0.001125
0.001125
0.001125
0.001125
0.001125
0.001125
0.001125
0.001125
0.001125
0.001125
0.001125
0.001125
0.001125
0.001125
0.001125
0.001125
0.001125
0.001125
0.001125
0.001125
0.001125
0.001125
0.001125
0.001125
0.001125
0.001125
0.001125
0.001125
0.001125
0.001125
0.001125
0.001125
0.001125
0.001125
0.001125
0.001125
0.001125
0.001125
0.001125
0.001125
0.001125
0.001125
0.001125
0.001125
0.001125
0.001125
0.001125
0.001125
0.001125
0.001125
0.001125
0.001125
0.001125
0.001125
0.001125
0.001125
0.001125
0.001125
0.001125
0.001125
0.001125
0.001125
0.001125
0.001125
0.001125
0.001125
0.001125
0.001125
0.001125
0.001125
0.001125
0.001125
0.001125
0.001125
0.001125
0.001125
0.001125
0.001125
0.001125
0.001125
0.001125
0.001125
0.001125
0.001125
0.001125
0.001125
0.001125
0.001125
0.001125
0.001125
0.001125
0.001125
0.001125
0.001125
0.001125
0.001125
0.001125
0.001125
0.001125
0.001125
0.001125
0.001125
0.001125
0.001125
0.001125
0.001125
0.001125
0.001125
0.001125
0.001125
0.001125
0.001125
0.001125
0.001125
0.001125
0.001125
0.001125
0.001125
0.001125
0.001125
0.001125
0.001125
0.001125
0.001125
0.001125
0.001125
0.001125
0.001125
0.001125
0.001125
0.001125
0.001125
0.001125
0.001125
0.001125
0.001125
0.001125
0.001125
0.001125
0.001125
0.001125
0.001125
0.001125
0.001125
0.001125
0.001125
0.001125
0.001125
0.001125
0.001125
0.001125
0.001125
0.001125
0.001125
0.001125
0.001125
0.001125
0.001125
0.001125
0.001125
0.001125
0.001125
0.001125
0.001125
0.001125
0.001125
0.001125
0.001125
0.001125
0.001125
0.001125
0.001125
0.001125
0.001125
0.001125
0.001125
0.001125
0.001125
0.001125
0.001125
0.001125
0.001125
0.001125
0.001125
0.001125
0.001125
0.001125
0.001125
0.001125
0.001125
0.001125
0.001125
0.001125
0.001125
0.001125
0.001125
0.001125
0.001125
0.001125
0.001125
0.001125
0.001125
0.001125
0.001125
0.001125
0.001125
0.001125
0.001125
0.001125
0.001125
0.001125
0.001125
0.001125
0.001125
0.001125
0.001125
0.001125
0.001125
0.001125
0.001125
0.001125
0.001125
0.001125
0.001125
0.001125
0.001125
0.001125
0.001125
0.001125
0.001125
0.001125
0.001125
0.001125
0.001125
0.001125
0.001125
0.001125
0.001125
0.001125
0.001125
0.001125
0.001125
0.001125
0.001125
0.001125
0.001125
0.001125
0.001125
0.001125
0.001125
0.001125
0.001125
0.001125
0.001125
0.001125
0.001125
0.001125
0.001125
0.001125
0.001125
0.001125
0.001125
0.001125
0.001125
0.001125
0.001125
0.001125
0.001125
0.001125
0.001125
0.001125
0.001125
0.001125
0.001125
0.001125
0.001125
0.001125
0.001125
0.001125
0.001125
0.001125
0.001125
0.001125
0.001125
0.001125
0.001125
0.001125
0.001125
0.001125
0.001125
0.001125
0.001125
0.001125
0.001125
0.001125
0.001125
0.001125
0.001125
0.001125
0.001125
0.001125
0.001125
0.001125
0.001125
0.001125
0.001125
0.001125
0.001125
0.001125
0.001125
0.001125
0.001125
0.001125
0.001125
0.001125
0.001125
0.001125
0.001125
0.001125
0.001125
0.001125
0.001125
0.001125
0.001125
0.001125
0.001125
0.001125
0.001125
0.001125
0.001125
0.001125
0.001125
0.001125
0.001125
0.001125
0.001125
0.001125
0.001125
0.001125
0.001125
0.001125
0.001125
0.001125
0.001125
0.001125
0.001125
0.001125
0.001125
0.001125
0.001125
0.001125
0.001125
0.001125
0.001125
0.001125
0.001125
0.001125
0.001125
0.001125
0.001125
0.001125
0.001125
0.001125
0.001125
0.001125
0.001125
0.001125
0.001125
0.001125
0.001125
0.001125
0.001125
0.001125
0.001125
0.001125
0.001125
0.001125
0.001125
0.001125
0.001125
0.001125
0.001125
0.001125
0.001125
0.001125
0.001125
0.001125
0.001125
0.001125
0.001125
0.001125
0.001125
0.001125
0.001125
0.001125
0.001125
0.001125
0.001125
0.001125
0.001125
0.001125
0.001125
0.001125
0.001125
0.001125
0.001125
0.001125
0.001125
0.001125
0.001125
0.001125
0.001125
0.001125
0.001125
0.001125
0.001125
0.001125
0.001125
0.001125
0.001125
0.001125
0.001125
0.001125
0.001125
0.001125
0.001125
0.001125
0.001125
0.001125
0.001125
0.001125
0.001125
0.001125
0.001125
0.001125
0.001125
0.001125
0.001125
0.001125
0.001125
0.001125
0.001125
0.001125
0.001125
0.001125
0.001125
0.001125
0.001125
0.001125
0.001125
0.001125
0.001125
0.001125
0.001125
0.001125
0.001125
0.001125
0.001125
0.001125
0.001125
0.001125
0.001125
0.001125
0.001125
0.001125
0.001125
0.001125
0.001125
0.001125
0.001125
0.001125
0.001125
0.001125
0.001125
0.001125
0.001125
0.001125
0.001125
0.001125
0.001125
0.001125
0.001125
0.001125
0.001125
0.001125
0.001125
0.001125
0.001125
0.001125
0.001125
0.001125
0.001125
0.001125
0.001125
0.001125
0.001125
0.001125
0.001125
0.001125
0.001125
0.001125
0.001125
0.001125
0.001125
0.001125
0.001125
0.001125
0.001125
0.001125
0.001125
0.001125
0.001125
0.001125
0.001125
0.001125
0.001125
0.001125
0.001125
0.001125
0.001125
0.001125
0.001125
0.001125
0.001125
0.001125
0.001125
0.001125
0.001125
0.001125
0.001125
0.001125
0.001125
0.001125
0.001125
0.001125
0.001125
0.001125
0.001125
0.001125
0.001125
0.001125
0.001125
0.001125
0.001125
0.001125
0.001125
0.001125
0.001125
0.001125
0.001125
0.001125
0.001125
0.001125
0.001125
0.001125
0.001125
0.001125
0.001125
0.001125
0.001125
0.001125
0.001125
0.001125
0.001125
0.001125
0.001125
0.001125
0.001125
0.001125
0.001125
0.001125
0.001125
0.001125
0.001125
0.001125
0.001125
0.001125
0.001125
0.001125
0.001125
0.001125
0.001125
0.001125
0.001125
0.001125
0.001125
0.001125
0.001125
0.001125
0.001125
0.001125
0.001125
0.001125
0.001125
0.001125
0.001125
0.001125
0.001125
0.001125
0.001125
0.001125
0.001125
0.001125
0.001125
0.001125
0.001125
0.001125
0.001125
0.001125
0.001125
0.001125
0.001125
0.001125
0.001125
0.001125
0.001125
0.001125
0.001125
0.001125
0.001125
0.001125
0.001125
0.001125
0.001125
0.001125
0.001125
0.001125
0.001125
0.001125
0.001125
0.001125
0.001125
0.001125
0.001125
0.001125
0.001125
0.001125
0.001125
0.001125
0.001125
0.001125
0.001125
0.001125
0.001125
0.001125
0.001125
0.001125
0.001125
0.001125
0.001125
0.001125
0.001125
0.001125
0.001125
0.001125
0.001125
0.001125
0.001125
0.001125
0.001125
0.001125
0.001125
0.001125
0.001125
0.001125
0.001125
0.001125
0.001125
0.001125
0.001125
0.001125
0.001125
0.001125
0.001125
0.001125
0.001125
0.001125
0.001125
0.001125
0.001125
0.001125
0.001125
0.001125
0.001125
0.001125
0.001125
0.001125
0.001125
0.001125
0.001125
0.001125
0.001125
0.001125
0.001125
0.001125
0.001125
0.001125
0.001125
0.001125
0.001125
0.001125
0.001125
0.001125
0.001125
0.001125
0.001125
0.001125
0.001125
0.001125
0.001125
0.001125
0.001125
0.001125
0.001125
0.001125
0.001125
0.001125
0.001125
0.001125
0.001125
0.001125
0.001125
0.001125
0.001125
0.001125
0.001125
0.001125
0.001125
0.001125
0.001125
0.001125
0.001125
0.001125
0.001125
0.001125
0.001125
0.001125
0.001125
0.001125
0.001125
0.001125
0.001125
0.001125
0.001125
0.001125
0.001125
0.001125
0.001125
0.001125
0.001125
0.001125
0.001125
0.001125
0.001125
0.001125
0.001125
0.001125
0.001125
0.001125
0.001125
0.001125
0.001125
0.001125
0.001125
0.001125
0.001125
0.001125
0.001125
0.001125
0.001125
0.001125
0.001125
0.001125
0.001125
0.001125
0.001125
0.001125
0.001125
0.001125
0.001125
0.001125
0.001125
0.001125
0.001125
0.001125
0.001125
0.001125
0.001125
0.001125
0.001125
0.001125
0.001125
0.001125
0.001125
0.001125
0.001125
0.001125
0.001125
0.001125
0.001125
0.001125
0.001125
0.001125
0.001125
0.001125
0.001125
0.001125
0.001125
0.001125
0.001125
0.001125
0.001125
0.001125
0.001125
0.001125
0.001125
0.001125
0.001125
0.001125
0.001125
0.001125
0.001125
0.001125
0.001125
0.001125
0.001125
0.001125
0.001125
0.001125
0.001125
0.001125
0.001125
0.001125
0.001125
0.001125
0.001125
0.001125
0.001125
0.001125
0.001125
0.001125
0.001125
0.001125
0.001125
0.001125
0.001125
0.001125
0.001125
0.001125
0.001125
0.001125
0.001125
0.001125
0.001125
0.001125
0.001125
0.001125
0.001125
0.001125
0.001125
0.001125
0.001125
0.001125
0.001125
0.001125
0.001125
0.001125
0.001125
0.001125
0.001125
0.001125
0.001125
0.001125
0.001125
0.001125
0.001125
0.001125
0.001125
0.001125
0.001125
0.001125
0.001125
0.001125
0.001125
0.001125
0.001125
0.001125
0.001125
0.001125
0.001125
0.001125
0.001125
0.001125
0.001125
0.001125
0.001125
0.001125
0.001125
0.001125
0.001125
0.001125
0.001125
0.001125
0.001125
0.001125
0.001125
0.001125
0.001125
0.001125
0.001125
0.001125
0.001125
0.001125
0.001125
0.001125
0.001125
0.001125
0.001125
0.001125
0.001125
0.001125
0.001125
0.001125
0.001125
0.001125
0.001125
0.001125
0.001125
0.001125
0.001125
0.001125
0.001125
0.001125
0.001125
0.001125
0.001125
0.001125
0.001125
0.001125
0.001125
0.001125
0.001125
0.001125
0.001125
0.001125
0.001125
0.001125
0.001125
0.001125
0.001125
0.001125
0.001125
0.001125
0.001125
0.001125
0.001125
0.001125
0.001125
0.001125
0.001125
0.001125
0.001125
0.001125
0.001125
0.001125
0.001125
0.001125
0.001125
0.001125
0.001125
0.001125
0.001125
0.001125
0.001125
0.001125
0.001125
0.001125
0.001125
0.001125
0.001125
0.001125
0.001125
0.001125
0.001125
0.001125
0.001125
0.001125
0.001125
0.001125
0.001125
0.001125
0.001125
0.001125
0.001125
0.001125
0.001125
0.001125
0.001125
0.001125
0.001125
0.001125
0.001125
0.001125
0.001125
0.001125
0.001125
0.001125
0.001125
0.001125
0.001125
0.001125
0.001125
0.001125
0.001125
0.001125
0.001125
0.001125
0.001125
0.001125
0.001125
0.001125
0.001125
0.001125
0.001125
0.001125
0.001125
0.001125
0.001125
0.001125
0.001125
0.001125
0.001125
0.001125
0.001125
0.001125
0.001125
0.001125
0.001125
0.001125
0.001125
0.001125
0.001125
0.001125
0.001125
0.001125
0.001125
0.001125
0.001125
0.001125
0.001125
0.001125
0.001125
0.001125
0.001125
0.001125
0.001125
0.001125
0.001125
0.001125
0.001125
0.001125
0.001125
0.001125
0.001125
0.001125
0.001125
0.001125
0.001125
0.001125
0.001125
0.001125
0.001125
0.001125
0.001125
0.001125
0.001125
0.001125
0.001125
0.001125
0.001125
0.001125
0.001125
0.001125
0.001125
0.001125
0.001125
0.001125
0.001125
0.001125
0.001125
0.001125
0.001125
0.001125
0.001125
0.001125
0.001125
0.001125
0.001125
0.001125
0.001125
0.001125
0.001125
0.001125
0.001125
0.001125
0.001125
0.001125
0.001125
0.001125
0.001125
0.001125
0.001125
0.001125
0.001125
0.001125
0.001125
0.001125
0.001125
0.001125
0.001125
0.001125
0.001125
0.001125
0.001125
0.001125
0.001125
0.001125
0.001125
0.001125
0.001125
0.001125
0.001125
0.001125
0.001125
0.001125
0.001125
0.001125
0.001125
0.001125
0.001125
0.001125
0.001125
0.001125
0.001125
0.001125
0.001125
0.001125
0.001125
0.001125
0.001125
0.001125
0.001125
0.001125
0.001125
0.001125
0.001125
0.001125
0.001125
0.001125
0.001125
0.001125
0.001125
0.001125
0.001125
0.001125
0.001125
0.001125
0.001125
0.001125
0.001125
0.001125
0.001125
0.001125
0.001125
0.001125
0.001125
0.001125
0.001125
0.001125
0.001125
0.001125
0.001125
0.001125
0.001125
0.001125
0.001125
0.001125
0.001125
0.001125
0.001125
0.001125
0.001125
0.001125
0.001125
0.001125
0.001125
0.001125
0.001125
0.001125
0.001125
0.001125
0.001125
0.001125
0.001125
0.001125
0.001125
0.001125
0.001125
0.001125
0.001125
0.001125
0.001125
0.001125
0.001125
0.001125
0.001125
0.001125
0.001125
0.001125
0.001125
0.001125
0.001125
0.001125
0.001125
0.001125
0.001125
0.001125
0.001125
0.001125
0.001125
0.001125
0.001125
0.001125
0.001125
0.001125
0.001125
0.001125
0.001125
0.001125
0.001125
0.001125
0.001125
0.001125
0.001125
0.001125
0.001125
0.001125
0.001125
0.001125
0.001125
0.001125
0.001125
0.001125
0.001125
0.001125
0.001125
0.001125
0.001125
0.001125
0.001125
0.001125
0.001125
0.001125
0.001125
0.001125
0.001125
0.001125
0.001125
0.001125
0.001125
0.001125
0.001125
0.001125
0.001125
0.001125
0.001125
0.001125
0.001125
0.001125
0.001125
0.001125
0.001125
0.001125
0.001125
0.001125
0.001125
0.001125
0.001125
0.001125
0.001125
0.001125
0.001125
0.001125
0.001125
0.001125
0.001125
0.001125
0.001125
0.001125
0.001125
0.001125
0.001125
0.001125
0.001125
0.001125
0.001125
0.001125
0.001125
0.001125
0.001125
0.001125
0.001125
0.001125
0.001125
0.001125
0.001125
0.001125
0.001125
0.001125
0.001125
0.001125
0.001125
0.001125
0.001125
0.001125
0.001125
0.001125
0.001125
0.001125
0.001125
0.001125
0.001125
0.001125
0.001125
0.001125
0.001125
0.001125
0.001125
0.001125
0.001125
0.001125
0.001125
0.001125
0.001125
0.001125
0.001125
0.001125
0.001125
0.001125
0.001125
0.001125
0.001125
0.001125
0.001125
0.001125
0.001125
0.001125
0.001125
0.001125
0.001125
0.001125
0.001125
0.001125
0.001125
0.001125
0.001125
0.001125
0.001125
0.001125
0.001125
0.001125
0.001125
0.001125
0.001125
0.001125
0.001125
0.001125
0.001125
0.001125
0.001125
0.001125
0.001125
0.001125
0.001125
0.001125
0.001125
0.001125
0.001125
0.001125
0.001125
0.001125
0.001125
0.001125
0.001125
0.001125
0.001125
0.001125
0.001125
0.001125
0.001125
0.001125
0.001125
0.001125
0.001125
0.001125
0.001125
0.001125
0.001125
0.001125
0.001125
0.001125
0.001125
0.001125
0.001125
0.001125
0.001125
0.001125
0.001125
0.001125
0.001125
0.001125
0.001125
0.001125
0.001125
0.001125
0.001125
0.001125
0.001125
0.001125
0.001125
0.001125
0.001125
0.001125
0.001125
0.001125
0.001125
0.001125
0.001125
0.001125
0.001125
0.001125
0.001125
0.001125
0.001125
0.001125
0.001125
0.001125
0.001125
0.001125
0.001125
0.001125
0.001125
0.001125
0.001125
0.001125
0.001125
0.001125
0.001125
0.001125
0.001125
0.001125
0.001125
0.001125
0.001125
0.001125
0.001125
0.001125
0.001125
0.001125
0.001125
0.001125
0.001125
0.001125
0.001125
0.001125
0.001125
0.001125
0.001125
0.001125
0.001125
0.001125
0.001125
0.001125
0.001125
0.001125
0.001125
0.001125
0.001125
0.001125
0.001125
0.001125
0.001125
0.001125
0.001125
0.001125
0.001125
0.001125
0.001125
0.001125
0.001125
0.001125
0.001125
0.001125
0.001125
0.001125
0.001125
0.001125
0.001125
0.001125
0.001125
0.001125
0.001125
0.001125
0.001125
0.001125
0.001125
0.001125
0.001125
0.001125
0.001125
0.001125
0.001125
0.001125
0.001125
0.001125
0.001125
0.001125
0.001125
0.001125
0.001125
0.001125
0.001125
0.001125
0.001125
0.001125
0.001125
0.001125
0.001125
0.001125
0.001125
0.001125
0.001125
0.001125
0.001125
0.001125
0.001125
0.001125
0.001125
0.001125
0.001125
0.001125
0.001125
0.001125
0.001125
0.001125
0.001125
0.001125
0.001125
0.001125
0.001125
0.001125
0.001125
0.001125
0.001125
0.001125
0.001125
0.001125
0.001125
0.001125
0.001125
0.001125
0.001125
0.001125
0.001125
0.001125
0.001125
0.001125
0.001125
0.001125
0.001125
0.001125
0.001125
0.001125
0.001125
0.001125
0.001125
0.001125
0.001125
0.001125
0.001125
0.001125
0.001125
0.001125
0.001125
0.001125
0.001125
0.001125
0.001125
0.001125
0.001125
0.001125
0.001125
0.001125
0.001125
0.001125
0.001125
0.001125
0.001125
0.001125
0.001125
0.001125
0.001125
0.001125
0.001125
0.001125
0.001125
0.001125
0.001125
0.001125
0.001125
0.001125
0.001125
0.001125
0.001125
0.001125
0.001125
0.001125
0.001125
0.001125
0.001125
0.001125
0.001125
0.001125
0.001125
0.001125
0.001125
0.001125
0.001125
0.001125
0.001125
0.001125
0.001125
0.001125
0.001125
0.001125
0.001125
0.001125
0.001125
0.001125
0.001125
0.001125
0.001125
0.001125
0.001125
0.001125
0.001125
0.001125
0.001125
0.001125
0.001125
0.001125
0.001125
0.001125
0.001125
0.001125
0.001125
0.001125
0.001125
0.001125
0.001125
0.001125
0.001125
0.001125
0.001125
0.001125
0.001125
0.001125
0.001125
0.001125
0.001125
0.001125
0.001125
0.001125
0.001125
0.001125
0.001125
0.001125
0.001125
0.001125
0.001125
0.001125
0.001125
0.001125
0.001125
0.001125
0.001125
0.001125
0.001125
0.001125
0.001125
0.001125
0.001125
0.001125
0.001125
0.001125
0.001125
0.001125
0.001125
0.001125
0.001125
0.001125
0.001125
0.001125
0.001125
0.001125
0.001125
0.001125
0.001125
0.001125
0.001125
0.001125
0.001125
0.001125
0.001125
0.001125
0.001125
0.001125
0.001125
0.001125
0.001125
0.001125
0.001125
0.001125
0.001125
0.001125
0.001125
0.001125
0.001125
0.001125
0.001125
0.001125
0.001125
0.001125
0.001125
0.001125
0.001125
0.001125
0.001125
0.001125
0.001125
0.001125
0.001125
0.001125
0.001125
0.001125
0.001125
0.001125
0.001125
0.001125
0.001125
0.001125
0.001125
0.001125
0.001125
0.001125
0.001125
0.001125
0.001125
0.001125
0.001125
0.001125
0.001125
0.001125
0.001125
0.001125
0.001125
0.001125
0.001125
0.001125
0.001125
0.001125
0.001125
0.001125
0.001125
0.001125
0.001125
0.001125
0.001125
0.001125
0.001125
0.001125
0.001125
0.001125
0.001125
0.001125
0.001125
0.001125
0.001125
0.001125
0.001125
0.001125
0.001125
0.001125
0.001125
0.001125
0.001125
0.001125
0.001125
0.001125
0.001125
0.001125
0.001125
0.001125
0.001125
0.001125
0.001125
0.001125
0.001125
0.001125
0.001125
0.001125
0.001125
0.001125
0.001125
0.001125
0.001125
0.001125
0.001125
0.001125
0.001125
0.001125
0.001125
0.001125
0.001125
0.001125
0.001125
0.001125
0.001125
0.001125
0.001125
0.001125
0.001125
0.001125
0.001125
0.001125
0.001125
0.001125
0.001125
0.001125
0.001125
0.001125
0.001125
0.001125
0.001125
0.001125
0.001125
0.001125
0.001125
0.001125
0.001125
0.001125
0.001125
0.001125
0.001125
0.001125
0.001125
0.001125
0.001125
0.001125
0.001125
0.001125
0.001125
0.001125
0.001125
0.001125
0.001125
0.001125
0.001125
0.001125
0.001125
0.001125
0.001125
0.001125
0.001125
0.001125
0.001125
0.001125
0.001125
0.001125
0.001125
0.001125
0.001125
0.001125
0.001125
0.001125
0.001125
0.001125
0.001125
0.001125
0.001125
0.001125
0.001125
0.001125
0.001125
0.001125
0.001125
0.001125
0.001125
0.001125
0.001125
0.001125
0.001125
0.001125
0.001125
0.001125
0.001125
0.001125
0.001125
0.001125
0.001125
0.001125
0.001125
0.001125
0.001125
0.001125
0.001125
0.001125
0.001125
0.001125
0.001125
0.001125
0.001125
0.001125
0.001125
0.001125
0.001125
0.001125
0.001125
0.001125
0.001125
0.001125
0.001125
0.001125
0.001125
0.001125
0.001125
0.001125
0.001125
0.001125
0.001125
0.001125
0.001125
0.001125
0.001125
0.001125
0.001125
0.001125
0.001125
0.001125
0.001125
0.001125
0.001125
0.001125
0.001125
0.001125
0.001125
0.001125
0.001125
0.001125
0.001125
0.001125
0.001125
0.001125
0.001125
0.001125
0.001125
0.001125
0.001125
0.001125
0.001125
0.001125
0.001125
0.001125
0.001125
0.001125
0.001125
0.001125
0.001125
0.001125
0.001125
0.001125
0.001125
0.001125
0.001125
0.001125
0.001125
0.001125
0.001125
0.001125
0.001125
0.001125
0.001125
0.001125
0.001125
0.001125
0.001125
0.001125
0.001125
0.001125
0.001125
0.001125
0.001125
0.001125
0.001125
0.001125
0.001125
0.001125
0.001125
0.001125
0.001125
0.001125
0.001125
0.001125
0.001125
0.001125
0.001125
0.001125
0.001125
0.001125
0.001125
0.001125
0.001125
0.001125
0.001125
0.001125
0.001125
0.001125
0.001125
0.001125
0.001125
0.001125
0.001125
0.001125
0.001125
0.001125
0.001125
0.001125
0.001125
0.001125
0.001125
0.001125
0.001125
0.001125
0.001125
0.001125
0.001125
0.001125
0.001125
0.001125
0.001125
0.001125
0.001125
0.001125
0.001125
0.001125
0.001125
0.001125
0.001125
0.001125
0.001125
0.001125
0.001125
0.001125
0.001125
0.001125
0.001125
0.001125
0.001125
0.001125
0.001125
0.001125
0.001125
0.001125
0.001125
0.001125
0.001125
0.001125
0.001125
0.001125
0.001125
0.001125
0.001125
0.001125
0.001125
0.001125
0.001125
0.001125
0.001125
0.001125
0.001125
0.001125
0.001125
0.001125
0.001125
0.001125
0.001125
0.001125
0.001125
0.001125
0.001125
0.001125
0.001125
0.001125
0.001125
0.001125
0.001125
0.001125
0.001125
0.001125
0.001125
0.001125
0.001125
0.001125
0.001125
0.001125
0.001125
0.001125
0.001125
0.001125
0.001125
0.001125
0.001125
0.001125
0.001125
0.001125
0.001125
0.001125
0.001125
0.001125
0.001125
0.001125
0.001125
0.001125
0.001125
0.001125
0.001125
0.001125
0.001125
0.001125
0.001125
0.001125
0.001125
0.001125
0.001125
0.001125
0.001125
0.001125
0.001125
0.001125
0.001125
0.001125
0.001125
0.001125
0.001125
0.001125
0.00112499
0.00112498
0.00112498
0.00112499
0.001125
0.001125
0.001125
0.001125
0.001125
0.001125
0.001125
0.001125
0.001125
0.001125
0.001125
0.001125
0.001125
0.001125
0.001125
0.001125
0.001125
0.001125
0.001125
0.001125
0.001125
0.001125
0.001125
0.001125
0.001125
0.001125
0.001125
0.001125
0.001125
0.001125
0.001125
0.001125
0.001125
0.001125
0.001125
0.001125
0.001125
0.001125
0.001125
0.001125
0.001125
0.001125
0.001125
0.001125
0.001125
0.001125
0.001125
0.001125
0.001125
0.001125
0.001125
0.001125
0.001125
0.001125
0.001125
0.001125
0.001125
0.001125
0.001125
0.001125
0.001125
0.001125
0.001125
0.001125
0.001125
0.001125
0.001125
0.001125
0.001125
0.001125
0.001125
0.001125
0.001125
0.001125
0.001125
0.001125
0.001125
0.001125
0.001125
0.001125
0.001125
0.001125
0.001125
0.001125
0.001125
0.001125
0.001125
0.001125
0.001125
0.001125
0.001125
0.001125
0.001125
0.001125
0.001125
0.00112499
0.00112496
0.00112491
0.00112492
0.00112496
0.00112499
0.001125
0.001125
0.001125
0.001125
0.001125
0.001125
0.001125
0.001125
0.001125
0.001125
0.001125
0.001125
0.001125
0.001125
0.001125
0.001125
0.001125
0.001125
0.001125
0.001125
0.001125
0.001125
0.001125
0.001125
0.001125
0.001125
0.001125
0.001125
0.001125
0.001125
0.001125
0.001125
0.001125
0.001125
0.001125
0.001125
0.001125
0.001125
0.001125
0.001125
0.001125
0.001125
0.001125
0.001125
0.001125
0.001125
0.001125
0.001125
0.001125
0.001125
0.001125
0.001125
0.001125
0.001125
0.001125
0.001125
0.001125
0.001125
0.001125
0.001125
0.001125
0.001125
0.001125
0.001125
0.001125
0.001125
0.001125
0.001125
0.001125
0.001125
0.001125
0.001125
0.001125
0.001125
0.001125
0.001125
0.001125
0.001125
0.001125
0.001125
0.001125
0.001125
0.001125
0.001125
0.001125
0.001125
0.001125
0.001125
0.001125
0.001125
0.001125
0.001125
0.001125
0.00112499
0.00112496
0.00112487
0.00112474
0.00112477
0.00112487
0.00112496
0.00112499
0.001125
0.001125
0.001125
0.001125
0.001125
0.001125
0.001125
0.001125
0.001125
0.001125
0.001125
0.001125
0.001125
0.001125
0.001125
0.001125
0.001125
0.001125
0.001125
0.001125
0.001125
0.001125
0.001125
0.001125
0.001125
0.001125
0.001125
0.001125
0.001125
0.001125
0.001125
0.001125
0.001125
0.001125
0.001125
0.001125
0.001125
0.001125
0.001125
0.001125
0.001125
0.001125
0.001125
0.001125
0.001125
0.001125
0.001125
0.001125
0.001125
0.001125
0.001125
0.001125
0.001125
0.001125
0.001125
0.001125
0.001125
0.001125
0.001125
0.001125
0.001125
0.001125
0.001125
0.001125
0.001125
0.001125
0.001125
0.001125
0.001125
0.001125
0.001125
0.001125
0.001125
0.001125
0.001125
0.001125
0.001125
0.001125
0.001125
0.001125
0.001125
0.001125
0.001125
0.001125
0.001125
0.001125
0.001125
0.001125
0.001125
0.001125
0.001125
0.00112499
0.00112495
0.00112484
0.00112461
0.0011244
0.00112449
0.00112471
0.00112489
0.00112497
0.00112499
0.001125
0.001125
0.001125
0.001125
0.001125
0.001125
0.001125
0.001125
0.001125
0.001125
0.001125
0.001125
0.001125
0.001125
0.001125
0.001125
0.001125
0.001125
0.001125
0.001125
0.001125
0.001125
0.001125
0.001125
0.001125
0.001125
0.001125
0.001125
0.001125
0.001125
0.001125
0.001125
0.001125
0.001125
0.001125
0.001125
0.001125
0.001125
0.001125
0.001125
0.001125
0.001125
0.001125
0.001125
0.001125
0.001125
0.001125
0.001125
0.001125
0.001125
0.001125
0.001125
0.001125
0.001125
0.001125
0.001125
0.001125
0.001125
0.001125
0.001125
0.001125
0.001125
0.001125
0.001125
0.001125
0.001125
0.001125
0.001125
0.001125
0.001125
0.001125
0.001125
0.001125
0.001125
0.001125
0.001125
0.001125
0.001125
0.001125
0.001125
0.001125
0.001125
0.001125
0.001125
0.001125
0.001125
0.001125
0.001125
0.00112499
0.00112496
0.00112487
0.00112465
0.00112439
0.00112395
0.00112387
0.00112409
0.0011245
0.00112481
0.00112495
0.00112499
0.001125
0.001125
0.001125
0.001125
0.001125
0.001125
0.001125
0.001125
0.001125
0.001125
0.001125
0.001125
0.001125
0.001125
0.001125
0.001125
0.001125
0.001125
0.001125
0.001125
0.001125
0.001125
0.001125
0.001125
0.001125
0.001125
0.001125
0.001125
0.001125
0.001125
0.001125
0.001125
0.001125
0.001125
0.001125
0.001125
0.001125
0.001125
0.001125
0.001125
0.001125
0.001125
0.001125
0.001125
0.001125
0.001125
0.001125
0.001125
0.001125
0.001125
0.001125
0.001125
0.001125
0.001125
0.001125
0.001125
0.001125
0.001125
0.001125
0.001125
0.001125
0.001125
0.001125
0.001125
0.001125
0.001125
0.001125
0.001125
0.001125
0.001125
0.001125
0.001125
0.001125
0.001125
0.001125
0.001125
0.001125
0.001125
0.001125
0.001125
0.001125
0.001125
0.001125
0.001125
0.001125
0.001125
0.00112499
0.00112496
0.00112484
0.00112458
0.00112376
0.00112259
0.00112222
0.00112196
0.00112268
0.00112321
0.00112422
0.00112471
0.00112493
0.00112498
0.001125
0.001125
0.001125
0.001125
0.001125
0.001125
0.001125
0.001125
0.001125
0.001125
0.001125
0.001125
0.001125
0.001125
0.001125
0.001125
0.001125
0.001125
0.001125
0.001125
0.001125
0.001125
0.001125
0.001125
0.001125
0.001125
0.001125
0.001125
0.001125
0.001125
0.001125
0.001125
0.001125
0.001125
0.001125
0.001125
0.001125
0.001125
0.001125
0.001125
0.001125
0.001125
0.001125
0.001125
0.001125
0.001125
0.001125
0.001125
0.001125
0.001125
0.001125
0.001125
0.001125
0.001125
0.001125
0.001125
0.001125
0.001125
0.001125
0.001125
0.001125
0.001125
0.001125
0.001125
0.001125
0.001125
0.001125
0.001125
0.001125
0.001125
0.001125
0.001125
0.001125
0.001125
0.001125
0.001125
0.001125
0.001125
0.001125
0.001125
0.001125
0.001125
0.001125
0.001125
0.00112499
0.00112497
0.00112484
0.0011245
0.00112332
0.0011213
0.00111556
0.00111066
0.00111049
0.00111207
0.00111613
0.00111696
0.00112195
0.00112339
0.00112455
0.00112486
0.00112497
0.001125
0.001125
0.001125
0.001125
0.001125
0.001125
0.001125
0.001125
0.001125
0.001125
0.001125
0.001125
0.001125
0.001125
0.001125
0.001125
0.001125
0.001125
0.001125
0.001125
0.001125
0.001125
0.001125
0.001125
0.001125
0.001125
0.001125
0.001125
0.001125
0.001125
0.001125
0.001125
0.001125
0.001125
0.001125
0.001125
0.001125
0.001125
0.001125
0.001125
0.001125
0.001125
0.001125
0.001125
0.001125
0.001125
0.001125
0.001125
0.001125
0.001125
0.001125
0.001125
0.001125
0.001125
0.001125
0.001125
0.001125
0.001125
0.001125
0.001125
0.001125
0.001125
0.001125
0.001125
0.001125
0.001125
0.001125
0.001125
0.001125
0.001125
0.001125
0.001125
0.001125
0.001125
0.001125
0.001125
0.001125
0.001125
0.001125
0.001125
0.001125
0.001125
0.00112499
0.00112493
0.00112464
0.00112343
0.00112063
0.00111183
0.00110001
0.00106967
0.00105524
0.0010533
0.00105987
0.00107536
0.00107612
0.00110327
0.00111213
0.00112087
0.00112355
0.0011247
0.00112495
0.00112499
0.001125
0.001125
0.001125
0.001125
0.001125
0.001125
0.001125
0.001125
0.001125
0.001125
0.001125
0.001125
0.001125
0.001125
0.001125
0.001125
0.001125
0.001125
0.001125
0.001125
0.001125
0.001125
0.001125
0.001125
0.001125
0.001125
0.001125
0.001125
0.001125
0.001125
0.001125
0.001125
0.001125
0.001125
0.001125
0.001125
0.001125
0.001125
0.001125
0.001125
0.001125
0.001125
0.001125
0.001125
0.001125
0.001125
0.001125
0.001125
0.001125
0.001125
0.001125
0.001125
0.001125
0.001125
0.001125
0.001125
0.001125
0.001125
0.001125
0.001125
0.001125
0.001125
0.001125
0.001125
0.001125
0.001125
0.001125
0.001125
0.001125
0.001125
0.001125
0.001125
0.001125
0.001125
0.001125
0.001125
0.001125
0.001125
0.001125
0.00112498
0.0011249
0.00112442
0.00112197
0.0011131
0.00109578
0.0010483
0.00100029
0.000888666
0.000860758
0.000841564
0.000852316
0.000892868
0.000901791
0.00100769
0.00104861
0.00109656
0.00111348
0.00112221
0.00112452
0.00112492
0.00112499
0.001125
0.001125
0.001125
0.001125
0.001125
0.001125
0.001125
0.001125
0.001125
0.001125
0.001125
0.001125
0.001125
0.001125
0.001125
0.001125
0.001125
0.001125
0.001125
0.001125
0.001125
0.001125
0.001125
0.001125
0.001125
0.001125
0.001125
0.001125
0.001125
0.001125
0.001125
0.001125
0.001125
0.001125
0.001125
0.001125
0.001125
0.001125
0.001125
0.001125
0.001125
0.001125
0.001125
0.001125
0.001125
0.001125
0.001125
0.001125
0.001125
0.001125
0.001125
0.001125
0.001125
0.001125
0.001125
0.001125
0.001125
0.001125
0.001125
0.001125
0.001125
0.001125
0.001125
0.001125
0.001125
0.001125
0.001125
0.001125
0.001125
0.001125
0.001125
0.001125
0.001125
0.001125
0.001125
0.001125
0.001125
0.00112499
0.00112489
0.0011243
0.00112085
0.00110499
0.00105715
0.000982083
0.00080872
0.000687054
0.000439522
0.000396241
0.000330237
0.00033153
0.00039682
0.000444778
0.000687877
0.000805051
0.000982507
0.00105702
0.0011054
0.00112113
0.00112438
0.00112491
0.00112499
0.001125
0.001125
0.001125
0.001125
0.001125
0.001125
0.001125
0.001125
0.001125
0.001125
0.001125
0.001125
0.001125
0.001125
0.001125
0.001125
0.001125
0.001125
0.001125
0.001125
0.001125
0.001125
0.001125
0.001125
0.001125
0.001125
0.001125
0.001125
0.001125
0.001125
0.001125
0.001125
0.001125
0.001125
0.001125
0.001125
0.001125
0.001125
0.001125
0.001125
0.001125
0.001125
0.001125
0.001125
0.001125
0.001125
0.001125
0.001125
0.001125
0.001125
0.001125
0.001125
0.001125
0.001125
0.001125
0.001125
0.001125
0.001125
0.001125
0.001125
0.001125
0.001125
0.001125
0.001125
0.001125
0.001125
0.001125
0.001125
0.001125
0.001125
0.001125
0.001125
0.001125
0.001125
0.001125
0.00112499
0.00112492
0.00112434
0.00112059
0.00110093
0.00102577
0.000847993
0.000641044
0.000267819
0.000101004
-0.000106632
-0.000199419
-0.000291826
-0.000301219
-0.000235619
-0.000118166
7.34222e-05
0.000250119
0.000634517
0.000842066
0.00102421
0.00110098
0.00112077
0.0011244
0.00112492
0.00112499
0.001125
0.001125
0.001125
0.001125
0.001125
0.001125
0.001125
0.001125
0.001125
0.001125
0.001125
0.001125
0.001125
0.001125
0.001125
0.001125
0.001125
0.001125
0.001125
0.001125
0.001125
0.001125
0.001125
0.001125
0.001125
0.001125
0.001125
0.001125
0.001125
0.001125
0.001125
0.001125
0.001125
0.001125
0.001125
0.001125
0.001125
0.001125
0.001125
0.001125
0.001125
0.001125
0.001125
0.001125
0.001125
0.001125
0.001125
0.001125
0.001125
0.001125
0.001125
0.001125
0.001125
0.001125
0.001125
0.001125
0.001125
0.001125
0.001125
0.001125
0.001125
0.001125
0.001125
0.001125
0.001125
0.001125
0.001125
0.001125
0.001125
0.001125
0.001125
0.001125
0.001125
0.001125
0.00112495
0.00112449
0.00112108
0.00110126
0.00101689
0.000775143
0.000378026
6.22221e-05
-0.000255847
-0.000460438
-0.000699193
-0.000751812
-0.000820659
-0.000836077
-0.000803033
-0.000715992
-0.000478259
-0.000278254
4.46462e-05
0.000359582
0.000766423
0.00101491
0.00110151
0.00112132
0.00112455
0.00112496
0.001125
0.001125
0.001125
0.001125
0.001125
0.001125
0.001125
0.001125
0.001125
0.001125
0.001125
0.001125
0.001125
0.001125
0.001125
0.001125
0.001125
0.001125
0.001125
0.001125
0.001125
0.001125
0.001125
0.001125
0.001125
0.001125
0.001125
0.001125
0.001125
0.001125
0.001125
0.001125
0.001125
0.001125
0.001125
0.001125
0.001125
0.001125
0.001125
0.001125
0.001125
0.001125
0.001125
0.001125
0.001125
0.001125
0.001125
0.001125
0.001125
0.001125
0.001125
0.001125
0.001125
0.001125
0.001125
0.001125
0.001125
0.001125
0.001125
0.001125
0.001125
0.001125
0.001125
0.001125
0.001125
0.001125
0.001125
0.001125
0.001125
0.001125
0.001125
0.001125
0.001125
0.00112497
0.00112467
0.00112209
0.0011053
0.00102575
0.000773336
0.000314089
-5.06221e-05
-0.000406896
-0.000781541
-0.000914629
-0.00100854
-0.00102158
-0.00104829
-0.00105605
-0.00104683
-0.00101755
-0.000922349
-0.000793837
-0.000413946
-6.53847e-05
0.000304091
0.000770206
0.00102701
0.00110632
0.0011224
0.00112473
0.00112498
0.001125
0.001125
0.001125
0.001125
0.001125
0.001125
0.001125
0.001125
0.001125
0.001125
0.001125
0.001125
0.001125
0.001125
0.001125
0.001125
0.001125
0.001125
0.001125
0.001125
0.001125
0.001125
0.001125
0.001125
0.001125
0.001125
0.001125
0.001125
0.001125
0.001125
0.001125
0.001125
0.001125
0.001125
0.001125
0.001125
0.001125
0.001125
0.001125
0.001125
0.001125
0.001125
0.001125
0.001125
0.001125
0.001125
0.001125
0.001125
0.001125
0.001125
0.001125
0.001125
0.001125
0.001125
0.001125
0.001125
0.001125
0.001125
0.001125
0.001125
0.001125
0.001125
0.001125
0.001125
0.001125
0.001125
0.001125
0.001125
0.001125
0.001125
0.001125
0.00112499
0.00112485
0.00112347
0.00111322
0.0010571
0.000845989
0.000370462
-6.254e-05
-0.000561777
-0.000859425
-0.00103254
-0.00107988
-0.00110204
-0.00110386
-0.00111038
-0.00111243
-0.0011111
-0.00110504
-0.00108254
-0.00103601
-0.000863201
-0.0005764
-7.32631e-05
0.000360725
0.000846023
0.00105895
0.00111399
0.00112364
0.00112487
0.00112499
0.00112499
0.001125
0.001125
0.001125
0.001125
0.001125
0.001125
0.001125
0.001125
0.001125
0.001125
0.001125
0.001125
0.001125
0.001125
0.001125
0.001125
0.001125
0.001125
0.001125
0.001125
0.001125
0.001125
0.001125
0.001125
0.001125
0.001125
0.001125
0.001125
0.001125
0.001125
0.001125
0.001125
0.001125
0.001125
0.001125
0.001125
0.001125
0.001125
0.001125
0.001125
0.001125
0.001125
0.001125
0.001125
0.001125
0.001125
0.001125
0.001125
0.001125
0.001125
0.001125
0.001125
0.001125
0.001125
0.001125
0.001125
0.001125
0.001125
0.001125
0.001125
0.001125
0.001125
0.001125
0.001125
0.001125
0.001125
0.001125
0.001125
0.001125
0.00112496
0.0011245
0.00112062
0.00109567
0.000981439
0.000639246
6.00989e-05
-0.000410322
-0.00086119
-0.00104618
-0.00110323
-0.00111604
-0.00112066
-0.00112121
-0.00112229
-0.00112246
-0.00112253
-0.00112181
-0.00111695
-0.00110418
-0.00104627
-0.000860884
-0.000411777
3.63075e-05
0.000627985
0.00098058
0.00109628
0.00112086
0.00112455
0.00112495
0.00112497
0.00112498
0.00112499
0.001125
0.001125
0.001125
0.001125
0.001125
0.001125
0.001125
0.001125
0.001125
0.001125
0.001125
0.001125
0.001125
0.001125
0.001125
0.001125
0.001125
0.001125
0.001125
0.001125
0.001125
0.001125
0.001125
0.001125
0.001125
0.001125
0.001125
0.001125
0.001125
0.001125
0.001125
0.001125
0.001125
0.001125
0.001125
0.001125
0.001125
0.001125
0.001125
0.001125
0.001125
0.001125
0.001125
0.001125
0.001125
0.001125
0.001125
0.001125
0.001125
0.001125
0.001125
0.001125
0.001125
0.001125
0.001125
0.001125
0.001125
0.001125
0.001125
0.001125
0.001125
0.001125
0.001125
0.001125
0.001125
0.001125
0.00112499
0.00112483
0.00112329
0.00111161
0.0010473
0.000805914
0.000263856
-0.000257752
-0.000781946
-0.00103452
-0.00110584
-0.00111983
-0.00112269
-0.00112373
-0.00112406
-0.00112413
-0.00112395
-0.00112405
-0.00112428
-0.00112298
-0.00112004
-0.00110612
-0.00103663
-0.000792663
-0.000286625
0.000246722
0.000802948
0.0010478
0.00111193
0.00112337
0.00112477
0.00112486
0.00112491
0.00112496
0.00112499
0.001125
0.001125
0.001125
0.001125
0.001125
0.001125
0.001125
0.001125
0.001125
0.001125
0.001125
0.001125
0.001125
0.001125
0.001125
0.001125
0.001125
0.001125
0.001125
0.001125
0.001125
0.001125
0.001125
0.001125
0.001125
0.001125
0.001125
0.001125
0.001125
0.001125
0.001125
0.001125
0.001125
0.001125
0.001125
0.001125
0.001125
0.001125
0.001125
0.001125
0.001125
0.001125
0.001125
0.001125
0.001125
0.001125
0.001125
0.001125
0.001125
0.001125
0.001125
0.001125
0.001125
0.001125
0.001125
0.001125
0.001125
0.001125
0.001125
0.001125
0.001125
0.001125
0.001125
0.001125
0.001125
0.00112496
0.00112457
0.00112119
0.00109936
0.000997698
0.000680792
9.35323e-05
-0.000465294
-0.000916418
-0.00108139
-0.0011183
-0.00112362
-0.00112432
-0.00112453
-0.00112466
-0.00112458
-0.00112434
-0.00112439
-0.00112459
-0.0011244
-0.00112361
-0.00111866
-0.00108306
-0.000921228
-0.000473832
8.66892e-05
0.000698245
0.00101151
0.00110412
0.00112214
0.0011244
0.00112461
0.00112475
0.00112489
0.00112496
0.00112499
0.001125
0.001125
0.001125
0.001125
0.001125
0.001125
0.001125
0.001125
0.001125
0.001125
0.001125
0.001125
0.001125
0.001125
0.001125
0.001125
0.001125
0.001125
0.001125
0.001125
0.001125
0.001125
0.001125
0.001125
0.001125
0.001125
0.001125
0.001125
0.001125
0.001125
0.001125
0.001125
0.001125
0.001125
0.001125
0.001125
0.001125
0.001125
0.001125
0.001125
0.001125
0.001125
0.001125
0.001125
0.001125
0.001125
0.001125
0.001125
0.001125
0.001125
0.001125
0.001125
0.001125
0.001125
0.001125
0.001125
0.001125
0.001125
0.001125
0.001125
0.001125
0.001125
0.001125
0.00112499
0.00112487
0.00112377
0.00111553
0.00106934
0.000887162
0.000436026
-0.000110171
-0.000701857
-0.00101021
-0.00110308
-0.00112181
-0.00112452
-0.00112478
-0.00112482
-0.00112485
-0.0011248
-0.00112464
-0.00112459
-0.00112468
-0.00112477
-0.00112455
-0.00112222
-0.00110452
-0.00101317
-0.000701767
-9.41733e-05
0.00046519
0.000911351
0.00107888
0.0011176
0.00112348
0.00112422
0.00112452
0.00112477
0.00112492
0.00112498
0.001125
0.001125
0.001125
0.001125
0.001125
0.001125
0.001125
0.001125
0.001125
0.001125
0.001125
0.001125
0.001125
0.001125
0.001125
0.001125
0.001125
0.001125
0.001125
0.001125
0.001125
0.001125
0.001125
0.001125
0.001125
0.001125
0.001125
0.001125
0.001125
0.001125
0.001125
0.001125
0.001125
0.001125
0.001125
0.001125
0.001125
0.001125
0.001125
0.001125
0.001125
0.001125
0.001125
0.001125
0.001125
0.001125
0.001125
0.001125
0.001125
0.001125
0.001125
0.001125
0.001125
0.001125
0.001125
0.001125
0.001125
0.001125
0.001125
0.001125
0.001125
0.001125
0.00112499
0.00112495
0.00112467
0.00112269
0.00111095
0.00105547
0.00085876
0.000388525
-0.000207573
-0.000762563
-0.00102787
-0.00110626
-0.00112222
-0.00112461
-0.00112488
-0.0011249
-0.0011249
-0.00112487
-0.00112477
-0.00112468
-0.00112477
-0.00112486
-0.00112474
-0.00112305
-0.00111054
-0.00104285
-0.000791207
-0.000219141
0.000405257
0.000894232
0.0010755
0.00111635
0.00112283
0.00112393
0.00112439
0.00112471
0.00112489
0.00112497
0.00112499
0.001125
0.001125
0.001125
0.001125
0.001125
0.001125
0.001125
0.001125
0.001125
0.001125
0.001125
0.001125
0.001125
0.001125
0.001125
0.001125
0.001125
0.001125
0.001125
0.001125
0.001125
0.001125
0.001125
0.001125
0.001125
0.001125
0.001125
0.001125
0.001125
0.001125
0.001125
0.001125
0.001125
0.001125
0.001125
0.001125
0.001125
0.001125
0.001125
0.001125
0.001125
0.001125
0.001125
0.001125
0.001125
0.001125
0.001125
0.001125
0.001125
0.001125
0.001125
0.001125
0.001125
0.001125
0.001125
0.001125
0.001125
0.001125
0.001125
0.001125
0.00112499
0.00112495
0.00112484
0.00112444
0.0011225
0.00111143
0.00105536
0.000842886
0.00032329
-0.0003061
-0.000834751
-0.0010549
-0.00111266
-0.00112329
-0.00112475
-0.0011249
-0.0011249
-0.00112491
-0.0011249
-0.00112486
-0.0011248
-0.00112486
-0.0011249
-0.00112474
-0.00112314
-0.00111178
-0.0010513
-0.000825055
-0.000292613
0.000329665
0.000844755
0.00105601
0.00111114
0.00112181
0.00112381
0.00112446
0.00112479
0.00112494
0.00112498
0.001125
0.001125
0.001125
0.001125
0.001125
0.001125
0.001125
0.001125
0.001125
0.001125
0.001125
0.001125
0.001125
0.001125
0.001125
0.001125
0.001125
0.001125
0.001125
0.001125
0.001125
0.001125
0.001125
0.001125
0.001125
0.001125
0.001125
0.001125
0.001125
0.001125
0.001125
0.001125
0.001125
0.001125
0.001125
0.001125
0.001125
0.001125
0.001125
0.001125
0.001125
0.001125
0.001125
0.001125
0.001125
0.001125
0.001125
0.001125
0.001125
0.001125
0.001125
0.001125
0.001125
0.001125
0.001125
0.001125
0.001125
0.001125
0.001125
0.001125
0.00112499
0.00112496
0.00112486
0.00112459
0.00112394
0.00112197
0.00111214
0.00105963
0.000849569
0.000322258
-0.000314649
-0.000845816
-0.00106006
-0.00111404
-0.00112354
-0.00112479
-0.00112487
-0.00112486
-0.00112489
-0.00112491
-0.00112491
-0.0011249
-0.00112489
-0.00112489
-0.00112465
-0.00112245
-0.00110792
-0.00103699
-0.000795018
-0.000269346
0.000336172
0.000831066
0.00104478
0.00110667
0.00112085
0.00112393
0.0011247
0.00112492
0.00112498
0.00112499
0.001125
0.001125
0.001125
0.001125
0.001125
0.001125
0.001125
0.001125
0.001125
0.001125
0.001125
0.001125
0.001125
0.001125
0.001125
0.001125
0.001125
0.001125
0.001125
0.001125
0.001125
0.001125
0.001125
0.001125
0.001125
0.001125
0.001125
0.001125
0.001125
0.001125
0.001125
0.001125
0.001125
0.001125
0.001125
0.001125
0.001125
0.001125
0.001125
0.001125
0.001125
0.001125
0.001125
0.001125
0.001125
0.001125
0.001125
0.001125
0.001125
0.001125
0.001125
0.001125
0.001125
0.001125
0.001125
0.001125
0.001125
0.001125
0.001125
0.00112499
0.00112497
0.0011249
0.00112472
0.00112436
0.00112381
0.0011226
0.00111591
0.00107414
0.000887962
0.00038543
-0.000249748
-0.000812295
-0.00105028
-0.00111217
-0.00112328
-0.00112476
-0.00112483
-0.00112482
-0.00112486
-0.00112489
-0.00112487
-0.0011248
-0.00112473
-0.00112476
-0.00112452
-0.00112154
-0.00110283
-0.00101696
-0.000743156
-0.000193427
0.000399638
0.000857194
0.00105139
0.00110879
0.00112195
0.00112446
0.0011249
0.00112498
0.00112499
0.001125
0.001125
0.001125
0.001125
0.001125
0.001125
0.001125
0.001125
0.001125
0.001125
0.001125
0.001125
0.001125
0.001125
0.001125
0.001125
0.001125
0.001125
0.001125
0.001125
0.001125
0.001125
0.001125
0.001125
0.001125
0.001125
0.001125
0.001125
0.001125
0.001125
0.001125
0.001125
0.001125
0.001125
0.001125
0.001125
0.001125
0.001125
0.001125
0.001125
0.001125
0.001125
0.001125
0.001125
0.001125
0.001125
0.001125
0.001125
0.001125
0.001125
0.001125
0.001125
0.001125
0.001125
0.001125
0.001125
0.001125
0.001125
0.001125
0.001125
0.001125
0.00112498
0.00112491
0.00112475
0.00112446
0.00112404
0.00112313
0.00111663
0.00107446
0.0008965
0.000435535
-0.000124795
-0.000719455
-0.00101874
-0.00110547
-0.00112224
-0.00112462
-0.00112486
-0.00112486
-0.00112489
-0.00112479
-0.00112468
-0.00112448
-0.00112431
-0.00112431
-0.00112424
-0.00112194
-0.00110333
-0.00100978
-0.000697762
-9.91292e-05
0.000447123
0.000893038
0.00107079
0.0011156
0.00112369
0.00112484
0.00112498
0.001125
0.001125
0.001125
0.001125
0.001125
0.001125
0.001125
0.001125
0.001125
0.001125
0.001125
0.001125
0.001125
0.001125
0.001125
0.001125
0.001125
0.001125
0.001125
0.001125
0.001125
0.001125
0.001125
0.001125
0.001125
0.001125
0.001125
0.001125
0.001125
0.001125
0.001125
0.001125
0.001125
0.001125
0.001125
0.001125
0.001125
0.001125
0.001125
0.001125
0.001125
0.001125
0.001125
0.001125
0.001125
0.001125
0.001125
0.001125
0.001125
0.001125
0.001125
0.001125
0.001125
0.001125
0.001125
0.001125
0.001125
0.001125
0.001125
0.001125
0.001125
0.001125
0.001125
0.00112499
0.00112496
0.00112487
0.0011247
0.00112448
0.0011242
0.00112189
0.00110292
0.00100644
0.00068547
7.18036e-05
-0.00047945
-0.000922456
-0.00108253
-0.00111828
-0.00112405
-0.00112481
-0.00112487
-0.0011247
-0.00112443
-0.00112422
-0.00112395
-0.00112364
-0.00112327
-0.0011226
-0.00111776
-0.00108057
-0.000911649
-0.000451352
0.000109153
0.000699274
0.00100702
0.001102
0.00112167
0.00112462
0.00112496
0.001125
0.001125
0.001125
0.001125
0.001125
0.001125
0.001125
0.001125
0.001125
0.001125
0.001125
0.001125
0.001125
0.001125
0.001125
0.001125
0.001125
0.001125
0.001125
0.001125
0.001125
0.001125
0.001125
0.001125
0.001125
0.001125
0.001125
0.001125
0.001125
0.001125
0.001125
0.001125
0.001125
0.001125
0.001125
0.001125
0.001125
0.001125
0.001125
0.001125
0.001125
0.001125
0.001125
0.001125
0.001125
0.001125
0.001125
0.001125
0.001125
0.001125
0.001125
0.001125
0.001125
0.001125
0.001125
0.001125
0.001125
0.001125
0.001125
0.001125
0.001125
0.001125
0.001125
0.001125
0.001125
0.00112499
0.00112495
0.00112489
0.0011248
0.0011247
0.00112331
0.00111158
0.00104625
0.000799098
0.000243641
-0.000282574
-0.000793036
-0.00103585
-0.00110622
-0.0011216
-0.00112415
-0.00112455
-0.00112417
-0.0011237
-0.00112353
-0.00112348
-0.00112296
-0.00112122
-0.00111801
-0.00110392
-0.00103163
-0.000774189
-0.000240138
0.000280704
0.00081701
0.00105133
0.00111253
0.00112343
0.00112485
0.00112499
0.001125
0.001125
0.001125
0.001125
0.001125
0.001125
0.001125
0.001125
0.001125
0.001125
0.001125
0.001125
0.001125
0.001125
0.001125
0.001125
0.001125
0.001125
0.001125
0.001125
0.001125
0.001125
0.001125
0.001125
0.001125
0.001125
0.001125
0.001125
0.001125
0.001125
0.001125
0.001125
0.001125
0.001125
0.001125
0.001125
0.001125
0.001125
0.001125
0.001125
0.001125
0.001125
0.001125
0.001125
0.001125
0.001125
0.001125
0.001125
0.001125
0.001125
0.001125
0.001125
0.001125
0.001125
0.001125
0.001125
0.001125
0.001125
0.001125
0.001125
0.001125
0.001125
0.001125
0.001125
0.001125
0.001125
0.00112499
0.00112497
0.00112495
0.00112493
0.0011245
0.00112053
0.00109476
0.000976204
0.000621923
3.45159e-05
-0.000418274
-0.000866204
-0.00105079
-0.00110739
-0.00111866
-0.00112209
-0.00112209
-0.00112178
-0.0011214
-0.00112058
-0.00112003
-0.00111465
-0.0011011
-0.00104299
-0.000856184
-0.000404102
7.40294e-05
0.000656553
0.000990294
0.00109827
0.00112113
0.00112458
0.00112496
0.001125
0.001125
0.001125
0.001125
0.001125
0.001125
0.001125
0.001125
0.001125
0.001125
0.001125
0.001125
0.001125
0.001125
0.001125
0.001125
0.001125
0.001125
0.001125
0.001125
0.001125
0.001125
0.001125
0.001125
0.001125
0.001125
0.001125
0.001125
0.001125
0.001125
0.001125
0.001125
0.001125
0.001125
0.001125
0.001125
0.001125
0.001125
0.001125
0.001125
0.001125
0.001125
0.001125
0.001125
0.001125
0.001125
0.001125
0.001125
0.001125
0.001125
0.001125
0.001125
0.001125
0.001125
0.001125
0.001125
0.001125
0.001125
0.001125
0.001125
0.001125
0.001125
0.001125
0.001125
0.001125
0.001125
0.001125
0.001125
0.00112499
0.00112499
0.00112498
0.00112485
0.0011235
0.00111313
0.00105554
0.00083837
0.000356011
-6.56899e-05
-0.00058342
-0.000874414
-0.00103778
-0.00108262
-0.00110464
-0.00110909
-0.00110971
-0.00110663
-0.00110152
-0.00110183
-0.00107907
-0.00102978
-0.000853111
-0.000551521
-5.805e-05
0.000379683
0.000852518
0.00105942
0.00111372
0.00112354
0.00112485
0.00112499
0.001125
0.001125
0.001125
0.001125
0.001125
0.001125
0.001125
0.001125
0.001125
0.001125
0.001125
0.001125
0.001125
0.001125
0.001125
0.001125
0.001125
0.001125
0.001125
0.001125
0.001125
0.001125
0.001125
0.001125
0.001125
0.001125
0.001125
0.001125
0.001125
0.001125
0.001125
0.001125
0.001125
0.001125
0.001125
0.001125
0.001125
0.001125
0.001125
0.001125
0.001125
0.001125
0.001125
0.001125
0.001125
0.001125
0.001125
0.001125
0.001125
0.001125
0.001125
0.001125
0.001125
0.001125
0.001125
0.001125
0.001125
0.001125
0.001125
0.001125
0.001125
0.001125
0.001125
0.001125
0.001125
0.001125
0.001125
0.001125
0.001125
0.001125
0.001125
0.00112497
0.00112469
0.00112215
0.00110498
0.00102232
0.000760552
0.000291794
-8.72608e-05
-0.000429294
-0.000786687
-0.000919006
-0.00101424
-0.00103983
-0.00104676
-0.00103486
-0.00101511
-0.00100758
-0.000910255
-0.000777324
-0.000398463
-4.15567e-05
0.000319677
0.000776799
0.00102722
0.00110558
0.00112208
0.00112465
0.00112496
0.001125
0.001125
0.001125
0.001125
0.001125
0.001125
0.001125
0.001125
0.001125
0.001125
0.001125
0.001125
0.001125
0.001125
0.001125
0.001125
0.001125
0.001125
0.001125
0.001125
0.001125
0.001125
0.001125
0.001125
0.001125
0.001125
0.001125
0.001125
0.001125
0.001125
0.001125
0.001125
0.001125
0.001125
0.001125
0.001125
0.001125
0.001125
0.001125
0.001125
0.001125
0.001125
0.001125
0.001125
0.001125
0.001125
0.001125
0.001125
0.001125
0.001125
0.001125
0.001125
0.001125
0.001125
0.001125
0.001125
0.001125
0.001125
0.001125
0.001125
0.001125
0.001125
0.001125
0.001125
0.001125
0.001125
0.001125
0.001125
0.001125
0.001125
0.001125
0.001125
0.001125
0.00112495
0.0011245
0.00112102
0.00110032
0.00101193
0.00076178
0.00035193
4.38831e-05
-0.000259775
-0.000468249
-0.000705565
-0.000785582
-0.000816538
-0.000791663
-0.000740826
-0.000694747
-0.000449051
-0.00025122
6.93736e-05
0.00038464
0.000776713
0.00101673
0.00110099
0.00112082
0.00112436
0.0011249
0.00112499
0.001125
0.001125
0.001125
0.001125
0.001125
0.001125
0.001125
0.001125
0.001125
0.001125
0.001125
0.001125
0.001125
0.001125
0.001125
0.001125
0.001125
0.001125
0.001125
0.001125
0.001125
0.001125
0.001125
0.001125
0.001125
0.001125
0.001125
0.001125
0.001125
0.001125
0.001125
0.001125
0.001125
0.001125
0.001125
0.001125
0.001125
0.001125
0.001125
0.001125
0.001125
0.001125
0.001125
0.001125
0.001125
0.001125
0.001125
0.001125
0.001125
0.001125
0.001125
0.001125
0.001125
0.001125
0.001125
0.001125
0.001125
0.001125
0.001125
0.001125
0.001125
0.001125
0.001125
0.001125
0.001125
0.001125
0.001125
0.001125
0.001125
0.001125
0.001125
0.001125
0.001125
0.00112499
0.00112492
0.00112437
0.00112066
0.0011008
0.00102422
0.000842447
0.00063748
0.000265431
8.60697e-05
-0.000101822
-0.000211124
-0.000279803
-0.00026497
-0.000192176
-9.47222e-05
0.000117853
0.000271939
0.000648256
0.00085067
0.00102606
0.0011007
0.00112026
0.00112406
0.00112478
0.00112495
0.00112499
0.001125
0.001125
0.001125
0.001125
0.001125
0.001125
0.001125
0.001125
0.001125
0.001125
0.001125
0.001125
0.001125
0.001125
0.001125
0.001125
0.001125
0.001125
0.001125
0.001125
0.001125
0.001125
0.001125
0.001125
0.001125
0.001125
0.001125
0.001125
0.001125
0.001125
0.001125
0.001125
0.001125
0.001125
0.001125
0.001125
0.001125
0.001125
0.001125
0.001125
0.001125
0.001125
0.001125
0.001125
0.001125
0.001125
0.001125
0.001125
0.001125
0.001125
0.001125
0.001125
0.001125
0.001125
0.001125
0.001125
0.001125
0.001125
0.001125
0.001125
0.001125
0.001125
0.001125
0.001125
0.001125
0.001125
0.001125
0.001125
0.001125
0.001125
0.001125
0.001125
0.001125
0.001125
0.00112499
0.00112491
0.0011244
0.00112124
0.00110575
0.00105791
0.000984098
0.000811526
0.000697265
0.000459998
0.000413598
0.000340718
0.000341662
0.000401233
0.000449903
0.000702586
0.000810866
0.000985792
0.00105791
0.00110503
0.00112071
0.00112405
0.00112473
0.00112493
0.00112498
0.001125
0.001125
0.001125
0.001125
0.001125
0.001125
0.001125
0.001125
0.001125
0.001125
0.001125
0.001125
0.001125
0.001125
0.001125
0.001125
0.001125
0.001125
0.001125
0.001125
0.001125
0.001125
0.001125
0.001125
0.001125
0.001125
0.001125
0.001125
0.001125
0.001125
0.001125
0.001125
0.001125
0.001125
0.001125
0.001125
0.001125
0.001125
0.001125
0.001125
0.001125
0.001125
0.001125
0.001125
0.001125
0.001125
0.001125
0.001125
0.001125
0.001125
0.001125
0.001125
0.001125
0.001125
0.001125
0.001125
0.001125
0.001125
0.001125
0.001125
0.001125
0.001125
0.001125
0.001125
0.001125
0.001125
0.001125
0.001125
0.001125
0.001125
0.001125
0.001125
0.001125
0.001125
0.001125
0.001125
0.00112499
0.00112493
0.00112456
0.00112232
0.00111377
0.00109702
0.00105028
0.00101115
0.00090877
0.000898318
0.000851016
0.000836585
0.000859258
0.000894289
0.00100709
0.00104899
0.00109692
0.00111326
0.00112195
0.00112434
0.00112479
0.00112493
0.00112498
0.001125
0.001125
0.001125
0.001125
0.001125
0.001125
0.001125
0.001125
0.001125
0.001125
0.001125
0.001125
0.001125
0.001125
0.001125
0.001125
0.001125
0.001125
0.001125
0.001125
0.001125
0.001125
0.001125
0.001125
0.001125
0.001125
0.001125
0.001125
0.001125
0.001125
0.001125
0.001125
0.001125
0.001125
0.001125
0.001125
0.001125
0.001125
0.001125
0.001125
0.001125
0.001125
0.001125
0.001125
0.001125
0.001125
0.001125
0.001125
0.001125
0.001125
0.001125
0.001125
0.001125
0.001125
0.001125
0.001125
0.001125
0.001125
0.001125
0.001125
0.001125
0.001125
0.001125
0.001125
0.001125
0.001125
0.001125
0.001125
0.001125
0.001125
0.001125
0.001125
0.001125
0.001125
0.001125
0.001125
0.001125
0.001125
0.00112499
0.00112496
0.00112472
0.00112361
0.00112096
0.00111242
0.00110404
0.0010781
0.00107676
0.00105845
0.00104826
0.00105262
0.00107118
0.00110178
0.00111198
0.00112087
0.00112345
0.00112463
0.0011249
0.00112495
0.00112498
0.001125
0.001125
0.001125
0.001125
0.001125
0.001125
0.001125
0.001125
0.001125
0.001125
0.001125
0.001125
0.001125
0.001125
0.001125
0.001125
0.001125
0.001125
0.001125
0.001125
0.001125
0.001125
0.001125
0.001125
0.001125
0.001125
0.001125
0.001125
0.001125
0.001125
0.001125
0.001125
0.001125
0.001125
0.001125
0.001125
0.001125
0.001125
0.001125
0.001125
0.001125
0.001125
0.001125
0.001125
0.001125
0.001125
0.001125
0.001125
0.001125
0.001125
0.001125
0.001125
0.001125
0.001125
0.001125
0.001125
0.001125
0.001125
0.001125
0.001125
0.001125
0.001125
0.001125
0.001125
0.001125
0.001125
0.001125
0.001125
0.001125
0.001125
0.001125
0.001125
0.001125
0.001125
0.001125
0.001125
0.001125
0.001125
0.001125
0.001125
0.001125
0.00112498
0.00112487
0.00112456
0.00112343
0.00112211
0.0011174
0.00111658
0.00111191
0.00110831
0.00110923
0.0011157
0.0011216
0.00112334
0.00112454
0.00112484
0.00112496
0.00112499
0.00112499
0.001125
0.001125
0.001125
0.001125
0.001125
0.001125
0.001125
0.001125
0.001125
0.001125
0.001125
0.001125
0.001125
0.001125
0.001125
0.001125
0.001125
0.001125
0.001125
0.001125
0.001125
0.001125
0.001125
0.001125
0.001125
0.001125
0.001125
0.001125
0.001125
0.001125
0.001125
0.001125
0.001125
0.001125
0.001125
0.001125
0.001125
0.001125
0.001125
0.001125
0.001125
0.001125
0.001125
0.001125
0.001125
0.001125
0.001125
0.001125
0.001125
0.001125
0.001125
0.001125
0.001125
0.001125
0.001125
0.001125
0.001125
0.001125
0.001125
0.001125
0.001125
0.001125
0.001125
0.001125
0.001125
0.001125
0.001125
0.001125
0.001125
0.001125
0.001125
0.001125
0.001125
0.001125
0.001125
0.001125
0.001125
0.001125
0.001125
0.001125
0.001125
0.001125
0.001125
0.00112499
0.00112494
0.00112476
0.00112436
0.00112341
0.00112284
0.00112205
0.00112149
0.0011221
0.00112372
0.00112461
0.00112484
0.00112496
0.00112499
0.001125
0.001125
0.001125
0.001125
0.001125
0.001125
0.001125
0.001125
0.001125
0.001125
0.001125
0.001125
0.001125
0.001125
0.001125
0.001125
0.001125
0.001125
0.001125
0.001125
0.001125
0.001125
0.001125
0.001125
0.001125
0.001125
0.001125
0.001125
0.001125
0.001125
0.001125
0.001125
0.001125
0.001125
0.001125
0.001125
0.001125
0.001125
0.001125
0.001125
0.001125
0.001125
0.001125
0.001125
0.001125
0.001125
0.001125
0.001125
0.001125
0.001125
0.001125
0.001125
0.001125
0.001125
0.001125
0.001125
0.001125
0.001125
0.001125
0.001125
0.001125
0.001125
0.001125
0.001125
0.001125
0.001125
0.001125
0.001125
0.001125
0.001125
0.001125
0.001125
0.001125
0.001125
0.001125
0.001125
0.001125
0.001125
0.001125
0.001125
0.001125
0.001125
0.001125
0.001125
0.001125
0.001125
0.00112499
0.00112496
0.00112485
0.00112459
0.00112419
0.00112392
0.00112394
0.00112416
0.00112451
0.00112484
0.00112496
0.00112499
0.001125
0.001125
0.001125
0.001125
0.001125
0.001125
0.001125
0.001125
0.001125
0.001125
0.001125
0.001125
0.001125
0.001125
0.001125
0.001125
0.001125
0.001125
0.001125
0.001125
0.001125
0.001125
0.001125
0.001125
0.001125
0.001125
0.001125
0.001125
0.001125
0.001125
0.001125
0.001125
0.001125
0.001125
0.001125
0.001125
0.001125
0.001125
0.001125
0.001125
0.001125
0.001125
0.001125
0.001125
0.001125
0.001125
0.001125
0.001125
0.001125
0.001125
0.001125
0.001125
0.001125
0.001125
0.001125
0.001125
0.001125
0.001125
0.001125
0.001125
0.001125
0.001125
0.001125
0.001125
0.001125
0.001125
0.001125
0.001125
0.001125
0.001125
0.001125
0.001125
0.001125
0.001125
0.001125
0.001125
0.001125
0.001125
0.001125
0.001125
0.001125
0.001125
0.001125
0.001125
0.001125
0.001125
0.001125
0.001125
0.001125
0.00112498
0.00112491
0.00112475
0.00112453
0.0011244
0.00112455
0.00112477
0.00112492
0.00112498
0.001125
0.001125
0.001125
0.001125
0.001125
0.001125
0.001125
0.001125
0.001125
0.001125
0.001125
0.001125
0.001125
0.001125
0.001125
0.001125
0.001125
0.001125
0.001125
0.001125
0.001125
0.001125
0.001125
0.001125
0.001125
0.001125
0.001125
0.001125
0.001125
0.001125
0.001125
0.001125
0.001125
0.001125
0.001125
0.001125
0.001125
0.001125
0.001125
0.001125
0.001125
0.001125
0.001125
0.001125
0.001125
0.001125
0.001125
0.001125
0.001125
0.001125
0.001125
0.001125
0.001125
0.001125
0.001125
0.001125
0.001125
0.001125
0.001125
0.001125
0.001125
0.001125
0.001125
0.001125
0.001125
0.001125
0.001125
0.001125
0.001125
0.001125
0.001125
0.001125
0.001125
0.001125
0.001125
0.001125
0.001125
0.001125
0.001125
0.001125
0.001125
0.001125
0.001125
0.001125
0.001125
0.001125
0.001125
0.001125
0.001125
0.001125
0.001125
0.00112499
0.00112496
0.00112489
0.00112478
0.00112473
0.00112484
0.00112494
0.00112498
0.001125
0.001125
0.001125
0.001125
0.001125
0.001125
0.001125
0.001125
0.001125
0.001125
0.001125
0.001125
0.001125
0.001125
0.001125
0.001125
0.001125
0.001125
0.001125
0.001125
0.001125
0.001125
0.001125
0.001125
0.001125
0.001125
0.001125
0.001125
0.001125
0.001125
0.001125
0.001125
0.001125
0.001125
0.001125
0.001125
0.001125
0.001125
0.001125
0.001125
0.001125
0.001125
0.001125
0.001125
0.001125
0.001125
0.001125
0.001125
0.001125
0.001125
0.001125
0.001125
0.001125
0.001125
0.001125
0.001125
0.001125
0.001125
0.001125
0.001125
0.001125
0.001125
0.001125
0.001125
0.001125
0.001125
0.001125
0.001125
0.001125
0.001125
0.001125
0.001125
0.001125
0.001125
0.001125
0.001125
0.001125
0.001125
0.001125
0.001125
0.001125
0.001125
0.001125
0.001125
0.001125
0.001125
0.001125
0.001125
0.001125
0.001125
0.001125
0.001125
0.001125
0.00112499
0.00112496
0.00112492
0.00112491
0.00112495
0.00112498
0.001125
0.001125
0.001125
0.001125
0.001125
0.001125
0.001125
0.001125
0.001125
0.001125
0.001125
0.001125
0.001125
0.001125
0.001125
0.001125
0.001125
0.001125
0.001125
0.001125
0.001125
0.001125
0.001125
0.001125
0.001125
0.001125
0.001125
0.001125
0.001125
0.001125
0.001125
0.001125
0.001125
0.001125
0.001125
0.001125
0.001125
0.001125
0.001125
0.001125
0.001125
0.001125
0.001125
0.001125
0.001125
0.001125
0.001125
0.001125
0.001125
0.001125
0.001125
0.001125
0.001125
0.001125
0.001125
0.001125
0.001125
0.001125
0.001125
0.001125
0.001125
0.001125
0.001125
0.001125
0.001125
0.001125
0.001125
0.001125
0.001125
0.001125
0.001125
0.001125
0.001125
0.001125
0.001125
0.001125
0.001125
0.001125
0.001125
0.001125
0.001125
0.001125
0.001125
0.001125
0.001125
0.001125
0.001125
0.001125
0.001125
0.001125
0.001125
0.001125
0.001125
0.001125
0.001125
0.00112499
0.00112498
0.00112497
0.00112499
0.001125
0.001125
0.001125
0.001125
0.001125
0.001125
0.001125
0.001125
0.001125
0.001125
0.001125
0.001125
0.001125
0.001125
0.001125
0.001125
0.001125
0.001125
0.001125
0.001125
0.001125
0.001125
0.001125
0.001125
0.001125
0.001125
0.001125
0.001125
0.001125
0.001125
0.001125
0.001125
0.001125
0.001125
0.001125
0.001125
0.001125
0.001125
0.001125
0.001125
0.001125
0.001125
0.001125
0.001125
0.001125
0.001125
0.001125
0.001125
0.001125
0.001125
0.001125
0.001125
0.001125
0.001125
0.001125
0.001125
0.001125
0.001125
0.001125
0.001125
0.001125
0.001125
0.001125
0.001125
0.001125
0.001125
0.001125
0.001125
0.001125
0.001125
0.001125
0.001125
0.001125
0.001125
0.001125
0.001125
0.001125
0.001125
0.001125
0.001125
0.001125
0.001125
0.001125
0.001125
0.001125
0.001125
0.001125
0.001125
0.001125
0.001125
0.001125
0.001125
0.001125
0.001125
0.001125
0.001125
0.001125
0.001125
0.00112499
0.001125
0.001125
0.001125
0.001125
0.001125
0.001125
0.001125
0.001125
0.001125
0.001125
0.001125
0.001125
0.001125
0.001125
0.001125
0.001125
0.001125
0.001125
0.001125
0.001125
0.001125
0.001125
0.001125
0.001125
0.001125
0.001125
0.001125
0.001125
0.001125
0.001125
0.001125
0.001125
0.001125
0.001125
0.001125
0.001125
0.001125
0.001125
0.001125
0.001125
0.001125
0.001125
0.001125
0.001125
0.001125
0.001125
0.001125
0.001125
0.001125
0.001125
0.001125
0.001125
0.001125
0.001125
0.001125
0.001125
0.001125
0.001125
0.001125
0.001125
0.001125
0.001125
0.001125
0.001125
0.001125
0.001125
0.001125
0.001125
0.001125
0.001125
0.001125
0.001125
0.001125
0.001125
0.001125
0.001125
0.001125
0.001125
0.001125
0.001125
0.001125
0.001125
0.001125
0.001125
0.001125
0.001125
0.001125
0.001125
0.001125
0.001125
0.001125
0.001125
0.001125
0.001125
0.001125
0.001125
0.001125
0.001125
0.001125
0.001125
0.001125
0.001125
0.001125
0.001125
0.001125
0.001125
0.001125
0.001125
0.001125
0.001125
0.001125
0.001125
0.001125
0.001125
0.001125
0.001125
0.001125
0.001125
0.001125
0.001125
0.001125
0.001125
0.001125
0.001125
0.001125
0.001125
0.001125
0.001125
0.001125
0.001125
0.001125
0.001125
0.001125
0.001125
0.001125
0.001125
0.001125
0.001125
0.001125
0.001125
0.001125
0.001125
0.001125
0.001125
0.001125
0.001125
0.001125
0.001125
0.001125
0.001125
0.001125
0.001125
0.001125
0.001125
0.001125
0.001125
0.001125
0.001125
0.001125
0.001125
0.001125
0.001125
0.001125
0.001125
0.001125
0.001125
0.001125
0.001125
0.001125
0.001125
0.001125
0.001125
0.001125
0.001125
0.001125
0.001125
0.001125
0.001125
0.001125
0.001125
0.001125
0.001125
0.001125
0.001125
0.001125
0.001125
0.001125
0.001125
0.001125
0.001125
0.001125
0.001125
0.001125
0.001125
0.001125
0.001125
0.001125
0.001125
0.001125
0.001125
0.001125
0.001125
0.001125
0.001125
0.001125
0.001125
0.001125
0.001125
0.001125
0.001125
0.001125
0.001125
0.001125
0.001125
0.001125
0.001125
0.001125
0.001125
0.001125
0.001125
0.001125
0.001125
0.001125
0.001125
0.001125
0.001125
0.001125
0.001125
0.001125
0.001125
0.001125
0.001125
0.001125
0.001125
0.001125
0.001125
0.001125
0.001125
0.001125
0.001125
0.001125
0.001125
0.001125
0.001125
0.001125
0.001125
0.001125
0.001125
0.001125
0.001125
0.001125
0.001125
0.001125
0.001125
0.001125
0.001125
0.001125
0.001125
0.001125
0.001125
0.001125
0.001125
0.001125
0.001125
0.001125
0.001125
0.001125
0.001125
0.001125
0.001125
0.001125
0.001125
0.001125
0.001125
0.001125
0.001125
0.001125
0.001125
0.001125
0.001125
0.001125
0.001125
0.001125
0.001125
0.001125
0.001125
0.001125
0.001125
0.001125
0.001125
0.001125
0.001125
0.001125
0.001125
0.001125
0.001125
0.001125
0.001125
0.001125
0.001125
0.001125
0.001125
0.001125
0.001125
0.001125
0.001125
0.001125
0.001125
0.001125
0.001125
0.001125
0.001125
0.001125
0.001125
0.001125
0.001125
0.001125
0.001125
0.001125
0.001125
0.001125
0.001125
0.001125
0.001125
0.001125
0.001125
0.001125
0.001125
0.001125
0.001125
0.001125
0.001125
0.001125
0.001125
0.001125
0.001125
0.001125
0.001125
0.001125
0.001125
0.001125
0.001125
0.001125
0.001125
0.001125
0.001125
0.001125
0.001125
0.001125
0.001125
0.001125
0.001125
0.001125
0.001125
0.001125
0.001125
0.001125
0.001125
0.001125
0.001125
0.001125
0.001125
0.001125
0.001125
0.001125
0.001125
0.001125
0.001125
0.001125
0.001125
0.001125
0.001125
0.001125
0.001125
0.001125
0.001125
0.001125
0.001125
0.001125
0.001125
0.001125
0.001125
0.001125
0.001125
0.001125
0.001125
0.001125
0.001125
0.001125
0.001125
0.001125
0.001125
0.001125
0.001125
0.001125
0.001125
0.001125
0.001125
0.001125
0.001125
0.001125
0.001125
0.001125
0.001125
0.001125
0.001125
0.001125
0.001125
0.001125
0.001125
0.001125
0.001125
0.001125
0.001125
0.001125
0.001125
0.001125
0.001125
0.001125
0.001125
0.001125
0.001125
0.001125
0.001125
0.001125
0.001125
0.001125
0.001125
0.001125
0.001125
0.001125
0.001125
0.001125
0.001125
0.001125
0.001125
0.001125
0.001125
0.001125
0.001125
0.001125
0.001125
0.001125
0.001125
0.001125
0.001125
0.001125
0.001125
0.001125
0.001125
0.001125
0.001125
0.001125
0.001125
0.001125
0.001125
0.001125
0.001125
0.001125
0.001125
0.001125
0.001125
0.001125
0.001125
0.001125
0.001125
0.001125
0.001125
0.001125
0.001125
0.001125
0.001125
0.001125
0.001125
0.001125
0.001125
0.001125
0.001125
0.001125
0.001125
0.001125
0.001125
0.001125
0.001125
0.001125
0.001125
0.001125
0.001125
0.001125
0.001125
0.001125
0.001125
0.001125
0.001125
0.001125
0.001125
0.001125
0.001125
0.001125
0.001125
0.001125
0.001125
0.001125
0.001125
0.001125
0.001125
0.001125
0.001125
0.001125
0.001125
0.001125
0.001125
0.001125
0.001125
0.001125
0.001125
0.001125
0.001125
0.001125
0.001125
0.001125
0.001125
0.001125
0.001125
0.001125
0.001125
0.001125
0.001125
0.001125
0.001125
0.001125
0.001125
0.001125
0.001125
0.001125
0.001125
0.001125
0.001125
0.001125
0.001125
0.001125
0.001125
0.001125
0.001125
0.001125
0.001125
0.001125
0.001125
0.001125
0.001125
0.001125
0.001125
0.001125
0.001125
0.001125
0.001125
0.001125
0.001125
0.001125
0.001125
0.001125
0.001125
0.001125
0.001125
0.001125
0.001125
0.001125
0.001125
0.001125
0.001125
0.001125
0.001125
0.001125
0.001125
0.001125
0.001125
0.001125
0.001125
0.001125
0.001125
0.001125
0.001125
0.001125
0.001125
0.001125
0.001125
0.001125
0.001125
0.001125
0.001125
0.001125
0.001125
0.001125
0.001125
0.001125
0.001125
0.001125
0.001125
0.001125
0.001125
0.001125
0.001125
0.001125
0.001125
0.001125
0.001125
0.001125
0.001125
0.001125
0.001125
0.001125
0.001125
0.001125
0.001125
0.001125
0.001125
0.001125
0.001125
0.001125
0.001125
0.001125
0.001125
0.001125
0.001125
0.001125
0.001125
0.001125
0.001125
0.001125
0.001125
0.001125
0.001125
0.001125
0.001125
0.001125
0.001125
0.001125
0.001125
0.001125
0.001125
0.001125
0.001125
0.001125
0.001125
0.001125
0.001125
0.001125
0.001125
0.001125
0.001125
0.001125
0.001125
0.001125
0.001125
0.001125
0.001125
0.001125
0.001125
0.001125
0.001125
0.001125
0.001125
0.001125
0.001125
0.001125
0.001125
0.001125
0.001125
0.001125
0.001125
0.001125
0.001125
0.001125
0.001125
0.001125
0.001125
0.001125
0.001125
0.001125
0.001125
0.001125
0.001125
0.001125
0.001125
0.001125
0.001125
0.001125
0.001125
0.001125
0.001125
0.001125
0.001125
0.001125
0.001125
0.001125
0.001125
0.001125
0.001125
0.001125
0.001125
0.001125
0.001125
0.001125
0.001125
0.001125
0.001125
0.001125
0.001125
0.001125
0.001125
0.001125
0.001125
0.001125
0.001125
0.001125
0.001125
0.001125
0.001125
0.001125
0.001125
0.001125
0.001125
0.001125
0.001125
0.001125
0.001125
0.001125
0.001125
0.001125
0.001125
0.001125
0.001125
0.001125
0.001125
0.001125
0.001125
0.001125
0.001125
0.001125
0.001125
0.001125
0.001125
0.001125
0.001125
0.001125
0.001125
0.001125
0.001125
0.001125
0.001125
0.001125
0.001125
0.001125
0.001125
0.001125
0.001125
0.001125
0.001125
0.001125
0.001125
0.001125
0.001125
0.001125
0.001125
0.001125
0.001125
0.001125
0.001125
0.001125
0.001125
0.001125
0.001125
0.001125
0.001125
0.001125
0.001125
0.001125
0.001125
0.001125
0.001125
0.001125
0.001125
0.001125
0.001125
0.001125
0.001125
0.001125
0.001125
0.001125
0.001125
0.001125
0.001125
0.001125
0.001125
0.001125
0.001125
0.001125
0.001125
0.001125
0.001125
0.001125
0.001125
0.001125
0.001125
0.001125
0.001125
0.001125
0.001125
0.001125
0.001125
0.001125
0.001125
0.001125
0.001125
0.001125
0.001125
0.001125
0.001125
0.001125
0.001125
0.001125
0.001125
0.001125
0.001125
0.001125
0.001125
0.001125
0.001125
0.001125
0.001125
0.001125
0.001125
0.001125
0.001125
0.001125
0.001125
0.001125
0.001125
0.001125
0.001125
0.001125
0.001125
0.001125
0.001125
0.001125
0.001125
0.001125
0.001125
0.001125
0.001125
0.001125
0.001125
0.001125
0.001125
0.001125
0.001125
0.001125
0.001125
0.001125
0.001125
0.001125
0.001125
0.001125
0.001125
0.001125
0.001125
0.001125
0.001125
0.001125
0.001125
0.001125
0.001125
0.001125
0.001125
0.001125
0.001125
0.001125
0.001125
0.001125
0.001125
0.001125
0.001125
0.001125
0.001125
0.001125
0.001125
0.001125
0.001125
0.001125
0.001125
0.001125
0.001125
0.001125
0.001125
0.001125
0.001125
0.001125
0.001125
0.001125
0.001125
0.001125
0.001125
0.001125
0.001125
0.001125
0.001125
0.001125
0.001125
0.001125
0.001125
0.001125
0.001125
0.001125
0.001125
0.001125
0.001125
0.001125
0.001125
0.001125
0.001125
0.001125
0.001125
0.001125
0.001125
0.001125
0.001125
0.001125
0.001125
0.001125
0.001125
0.001125
0.001125
0.001125
0.001125
0.001125
0.001125
0.001125
0.001125
0.001125
0.001125
0.001125
0.001125
0.001125
0.001125
0.001125
0.001125
0.001125
0.001125
0.001125
0.001125
0.001125
0.001125
0.001125
0.001125
0.001125
0.001125
0.001125
0.001125
0.001125
0.001125
0.001125
0.001125
0.001125
0.001125
0.001125
0.001125
0.001125
0.001125
0.001125
0.001125
0.001125
0.001125
0.001125
0.001125
0.001125
0.001125
0.001125
0.001125
0.001125
0.001125
0.001125
0.001125
0.001125
0.001125
0.001125
0.001125
0.001125
0.001125
0.001125
0.001125
0.001125
0.001125
0.001125
0.001125
0.001125
0.001125
0.001125
0.001125
0.001125
0.001125
0.001125
0.001125
0.001125
0.001125
0.001125
0.001125
0.001125
0.001125
0.001125
0.001125
0.001125
0.001125
0.001125
0.001125
0.001125
0.001125
0.001125
0.001125
0.001125
0.001125
0.001125
0.001125
0.001125
0.001125
0.001125
0.001125
0.001125
0.001125
0.001125
0.001125
0.001125
0.001125
0.001125
0.001125
0.001125
0.001125
0.001125
0.001125
0.001125
0.001125
0.001125
0.001125
0.001125
0.001125
0.001125
0.001125
0.001125
0.001125
0.001125
0.001125
0.001125
0.001125
0.001125
0.001125
0.001125
0.001125
0.001125
0.001125
0.001125
0.001125
0.001125
0.001125
0.001125
0.001125
0.001125
0.001125
0.001125
0.001125
0.001125
0.001125
0.001125
0.001125
0.001125
0.001125
0.001125
0.001125
0.001125
0.001125
0.001125
0.001125
0.001125
0.001125
0.001125
0.001125
0.001125
0.001125
0.001125
0.001125
0.001125
0.001125
0.001125
0.001125
0.001125
0.001125
0.001125
0.001125
0.001125
0.001125
0.001125
0.001125
0.001125
0.001125
0.001125
0.001125
0.001125
0.001125
0.001125
0.001125
0.001125
0.001125
0.001125
0.001125
0.001125
0.001125
0.001125
0.001125
0.001125
0.001125
0.001125
0.001125
0.001125
0.001125
0.001125
0.001125
0.001125
0.001125
0.001125
0.001125
0.001125
0.001125
0.001125
0.001125
0.001125
0.001125
0.001125
0.001125
0.001125
0.001125
0.001125
0.001125
0.001125
0.001125
0.001125
0.001125
0.001125
0.001125
0.001125
0.001125
0.001125
0.001125
0.001125
0.001125
0.001125
0.001125
0.001125
0.001125
0.001125
0.001125
0.001125
0.001125
0.001125
0.001125
0.001125
0.001125
0.001125
0.001125
0.001125
0.001125
0.001125
0.001125
0.001125
0.001125
0.001125
0.001125
0.001125
0.001125
0.001125
0.001125
0.001125
0.001125
0.001125
0.001125
0.001125
0.001125
0.001125
0.001125
0.001125
0.001125
0.001125
0.001125
0.001125
0.001125
0.001125
0.001125
0.001125
0.001125
0.001125
0.001125
0.001125
0.001125
0.001125
0.001125
0.001125
0.001125
0.001125
0.001125
0.001125
0.001125
0.001125
0.001125
0.001125
0.001125
0.001125
0.001125
0.001125
0.001125
0.001125
0.001125
0.001125
0.001125
0.001125
0.001125
0.001125
0.001125
0.001125
0.001125
0.001125
0.001125
0.001125
0.001125
0.001125
0.001125
0.001125
0.001125
0.001125
0.001125
0.001125
0.001125
0.001125
0.001125
0.001125
0.001125
0.001125
0.001125
0.001125
0.001125
0.001125
0.001125
0.001125
0.001125
0.001125
0.001125
0.001125
0.001125
0.001125
0.001125
0.001125
0.001125
0.001125
0.001125
0.001125
0.001125
0.001125
0.001125
0.001125
0.001125
0.001125
0.001125
0.001125
0.001125
0.001125
0.001125
0.001125
0.001125
0.001125
0.001125
0.001125
0.001125
0.001125
0.001125
0.001125
0.001125
0.001125
0.001125
0.001125
0.001125
0.001125
0.001125
0.001125
0.001125
0.001125
0.001125
0.001125
0.001125
0.001125
0.001125
0.001125
0.001125
0.001125
0.001125
0.001125
0.001125
0.001125
0.001125
0.001125
0.001125
0.001125
0.001125
0.001125
0.001125
0.001125
0.001125
0.001125
0.001125
0.001125
0.001125
0.001125
0.001125
0.001125
0.001125
0.001125
0.001125
0.001125
0.001125
0.001125
0.001125
0.001125
0.001125
0.001125
0.001125
0.001125
0.001125
0.001125
0.001125
0.001125
0.001125
0.001125
0.001125
0.001125
0.001125
0.001125
0.001125
0.001125
0.001125
0.001125
0.001125
0.001125
0.001125
0.001125
0.001125
0.001125
0.001125
0.001125
0.001125
0.001125
0.001125
0.001125
0.001125
0.001125
0.001125
0.001125
0.001125
0.001125
0.001125
0.001125
0.001125
0.001125
0.001125
0.001125
0.001125
0.001125
0.001125
0.001125
0.001125
0.001125
0.001125
0.001125
0.001125
0.001125
0.001125
0.001125
0.001125
0.001125
0.001125
0.001125
0.001125
0.001125
0.001125
0.001125
0.001125
0.001125
0.001125
0.001125
0.001125
0.001125
0.001125
0.001125
0.001125
0.001125
0.001125
0.001125
0.001125
0.001125
0.001125
0.001125
0.001125
0.001125
0.001125
0.001125
0.001125
0.001125
0.001125
0.001125
0.001125
0.001125
0.001125
0.001125
0.001125
0.001125
0.001125
0.001125
0.001125
0.001125
0.001125
0.001125
0.001125
0.001125
0.001125
0.001125
0.001125
0.001125
0.001125
0.001125
0.001125
0.001125
0.001125
0.001125
0.001125
0.001125
0.001125
0.001125
0.001125
0.001125
0.001125
0.001125
0.001125
0.001125
0.001125
0.001125
0.001125
0.001125
0.001125
0.001125
0.001125
0.001125
0.001125
0.001125
0.001125
0.001125
0.001125
0.001125
0.001125
0.001125
0.001125
0.001125
0.001125
0.001125
0.001125
0.001125
0.001125
0.001125
0.001125
0.001125
0.001125
0.001125
0.001125
0.001125
0.001125
0.001125
0.001125
0.001125
0.001125
0.001125
0.001125
0.001125
0.001125
0.001125
0.001125
0.001125
0.001125
0.001125
0.001125
0.001125
0.001125
0.001125
0.001125
0.001125
0.001125
0.001125
0.001125
0.001125
0.001125
0.001125
0.001125
0.001125
0.001125
0.001125
0.001125
0.001125
0.001125
0.001125
0.001125
0.001125
0.001125
0.001125
0.001125
0.001125
0.001125
0.001125
0.001125
0.001125
0.001125
0.001125
0.001125
0.001125
0.001125
0.001125
0.001125
0.001125
0.001125
0.001125
0.001125
0.001125
0.001125
0.001125
0.001125
0.001125
0.001125
0.001125
0.001125
0.001125
0.001125
0.001125
0.001125
0.001125
0.001125
0.001125
0.001125
0.001125
0.001125
0.001125
0.001125
0.001125
0.001125
0.001125
0.001125
0.001125
0.001125
0.001125
0.001125
0.001125
0.001125
0.001125
0.001125
0.001125
0.001125
0.001125
0.001125
0.001125
0.001125
0.001125
0.001125
0.001125
0.001125
0.001125
0.001125
0.001125
0.001125
0.001125
0.001125
0.001125
0.001125
0.001125
0.001125
0.001125
0.001125
0.001125
0.001125
0.001125
0.001125
0.001125
0.001125
0.001125
0.001125
0.001125
0.001125
0.001125
0.001125
0.001125
0.001125
0.001125
0.001125
0.001125
0.001125
0.001125
0.001125
0.001125
0.001125
0.001125
0.001125
0.001125
0.001125
0.001125
0.001125
0.001125
0.001125
0.001125
0.001125
0.001125
0.001125
0.001125
0.001125
0.001125
0.001125
0.001125
0.001125
0.001125
0.001125
0.001125
0.001125
0.001125
0.001125
0.001125
0.001125
0.001125
0.001125
0.001125
0.001125
0.001125
0.001125
0.001125
0.001125
0.001125
0.001125
0.001125
0.001125
0.001125
0.001125
0.001125
0.001125
0.001125
0.001125
0.001125
0.001125
0.001125
0.001125
0.001125
0.001125
0.001125
0.001125
0.001125
0.001125
0.001125
0.001125
0.001125
0.001125
0.001125
0.001125
0.001125
0.001125
0.001125
0.001125
0.001125
0.001125
0.001125
0.001125
0.001125
0.001125
0.001125
0.001125
0.001125
0.001125
0.001125
0.001125
0.001125
0.001125
0.001125
0.001125
0.001125
0.001125
0.001125
0.001125
0.001125
0.001125
0.001125
0.001125
0.001125
0.001125
0.001125
0.001125
0.001125
0.001125
0.001125
0.001125
0.001125
0.001125
0.001125
0.001125
0.001125
0.001125
0.001125
0.001125
0.001125
0.001125
0.001125
0.001125
0.001125
0.001125
0.001125
0.001125
0.001125
0.001125
0.001125
0.001125
0.001125
0.001125
0.001125
0.001125
0.001125
0.001125
0.001125
0.001125
0.001125
0.001125
0.001125
0.001125
0.001125
0.001125
0.001125
0.001125
0.001125
0.001125
0.001125
0.001125
0.001125
0.001125
0.001125
0.001125
0.001125
0.001125
0.001125
0.001125
0.001125
0.001125
0.001125
0.001125
0.001125
0.001125
0.001125
0.001125
0.001125
0.001125
0.001125
0.001125
0.001125
0.001125
0.001125
0.001125
0.001125
0.001125
0.001125
0.001125
0.001125
0.001125
0.001125
0.001125
0.001125
0.001125
0.001125
0.001125
0.001125
0.001125
0.001125
0.001125
0.001125
0.001125
0.001125
0.001125
0.001125
0.001125
0.001125
0.001125
0.001125
0.001125
0.001125
0.001125
0.001125
0.001125
0.001125
0.001125
0.001125
0.001125
0.001125
0.001125
0.001125
0.001125
0.001125
0.001125
0.001125
0.001125
0.001125
0.001125
0.001125
0.001125
0.001125
0.001125
0.001125
0.001125
0.001125
0.001125
0.001125
0.001125
0.001125
0.001125
0.001125
0.001125
0.001125
0.001125
0.001125
0.001125
0.001125
0.001125
0.001125
0.001125
0.001125
0.001125
0.001125
0.001125
0.001125
0.001125
0.001125
0.001125
0.001125
0.001125
0.001125
0.001125
0.001125
0.001125
0.001125
0.001125
0.001125
0.001125
0.001125
0.001125
0.001125
0.001125
0.001125
0.001125
0.001125
0.001125
0.001125
0.001125
0.001125
0.001125
0.001125
0.001125
0.001125
0.001125
0.001125
0.001125
0.001125
0.001125
0.001125
0.001125
0.001125
0.001125
0.001125
0.001125
0.001125
0.001125
0.001125
0.001125
0.001125
0.001125
0.001125
0.001125
0.001125
0.001125
0.001125
0.001125
0.001125
0.001125
0.001125
0.001125
0.001125
0.001125
0.001125
0.001125
0.001125
0.001125
0.001125
0.001125
0.001125
0.001125
0.001125
0.001125
0.001125
0.001125
0.001125
0.001125
0.001125
0.001125
0.001125
0.001125
0.001125
0.001125
0.001125
0.001125
0.001125
0.001125
0.001125
0.001125
0.001125
0.001125
0.001125
0.001125
0.001125
0.001125
0.001125
0.001125
0.001125
0.001125
0.001125
0.001125
0.001125
0.001125
0.001125
0.001125
0.001125
0.001125
0.001125
0.001125
0.001125
0.001125
0.001125
0.001125
0.001125
0.001125
0.001125
0.001125
0.001125
0.001125
0.001125
0.001125
0.001125
0.001125
0.001125
0.001125
0.001125
0.001125
0.001125
0.001125
0.001125
0.001125
0.001125
0.001125
0.001125
0.001125
0.001125
0.001125
0.001125
0.001125
0.001125
0.001125
0.001125
0.001125
0.001125
0.001125
0.001125
0.001125
0.001125
0.001125
0.001125
0.001125
0.001125
0.001125
0.001125
0.001125
0.001125
0.001125
0.001125
0.001125
0.001125
0.001125
0.001125
0.001125
0.001125
0.001125
0.001125
0.001125
0.001125
0.001125
0.001125
0.001125
0.001125
0.001125
0.001125
0.001125
0.001125
0.001125
0.001125
0.001125
0.001125
0.001125
0.001125
0.001125
0.001125
0.001125
0.001125
0.001125
0.001125
0.001125
0.001125
0.001125
0.001125
0.001125
0.001125
0.001125
0.001125
0.001125
0.001125
0.001125
0.001125
0.001125
0.001125
0.001125
0.001125
0.001125
0.001125
0.001125
0.001125
0.001125
0.001125
0.001125
0.001125
0.001125
0.001125
0.001125
0.001125
0.001125
0.001125
0.001125
0.001125
0.001125
0.001125
0.001125
0.001125
0.001125
0.001125
0.001125
0.001125
0.001125
0.001125
0.001125
0.001125
0.001125
0.001125
0.001125
0.001125
0.001125
0.001125
0.001125
0.001125
0.001125
0.001125
0.001125
0.001125
0.001125
0.001125
0.001125
0.001125
0.001125
0.001125
0.001125
0.001125
0.001125
0.001125
0.001125
0.001125
0.001125
0.001125
0.001125
0.001125
0.001125
0.001125
0.001125
0.001125
0.001125
0.001125
0.001125
0.001125
0.001125
0.001125
0.001125
0.001125
0.001125
0.001125
0.001125
0.001125
0.001125
0.001125
0.001125
0.001125
0.001125
0.001125
0.001125
0.001125
0.001125
0.001125
0.001125
0.001125
0.001125
0.001125
0.001125
0.001125
0.001125
0.001125
0.001125
0.001125
0.001125
0.001125
0.001125
0.001125
0.001125
0.001125
0.001125
0.001125
0.001125
0.001125
0.001125
0.001125
0.001125
0.001125
0.001125
0.001125
0.001125
0.001125
0.001125
0.001125
0.001125
0.001125
0.001125
0.001125
0.001125
0.001125
0.001125
0.001125
0.001125
0.001125
0.001125
0.001125
0.001125
0.001125
0.001125
0.001125
0.001125
0.001125
0.001125
0.001125
0.001125
0.001125
0.001125
0.001125
0.001125
0.001125
0.001125
0.001125
0.001125
0.001125
0.001125
0.001125
0.001125
0.001125
0.001125
0.001125
0.001125
0.001125
0.001125
0.001125
0.001125
0.001125
0.001125
0.001125
0.001125
0.001125
0.001125
0.001125
0.001125
0.001125
0.001125
0.001125
0.001125
0.001125
0.001125
0.001125
0.001125
0.001125
0.001125
0.001125
0.001125
0.001125
0.001125
0.001125
0.001125
0.001125
0.001125
0.001125
0.001125
0.001125
0.001125
0.001125
0.001125
0.001125
0.001125
0.001125
0.001125
0.001125
0.001125
0.001125
0.001125
0.001125
0.001125
0.001125
0.001125
0.001125
0.001125
0.001125
0.001125
0.001125
0.001125
0.001125
0.001125
0.001125
0.001125
0.001125
0.001125
0.001125
0.001125
0.001125
0.001125
0.001125
0.001125
0.001125
0.001125
0.001125
0.001125
0.001125
0.001125
0.001125
0.001125
0.001125
0.001125
0.001125
0.001125
0.001125
0.001125
0.001125
0.001125
0.001125
0.001125
0.001125
0.001125
0.001125
0.001125
0.001125
0.001125
0.001125
0.001125
0.001125
0.001125
0.001125
0.001125
0.001125
0.001125
0.001125
0.001125
0.001125
0.001125
0.001125
0.001125
0.001125
0.001125
0.001125
0.001125
0.001125
0.001125
0.001125
0.001125
0.001125
0.001125
0.001125
0.001125
0.001125
0.001125
0.001125
0.001125
0.001125
0.001125
0.001125
0.001125
0.001125
0.001125
0.001125
0.001125
0.001125
0.001125
0.001125
0.001125
0.001125
0.001125
0.001125
0.001125
0.001125
0.001125
0.001125
0.001125
0.001125
0.001125
0.001125
0.001125
0.001125
0.001125
0.001125
0.001125
0.001125
0.001125
0.001125
0.001125
0.001125
0.001125
0.001125
0.001125
0.001125
0.001125
0.001125
0.001125
0.001125
0.001125
0.001125
0.001125
0.001125
0.001125
0.001125
0.001125
0.001125
0.001125
0.001125
0.001125
0.001125
0.001125
0.001125
0.001125
0.001125
0.001125
0.001125
0.001125
0.001125
0.001125
0.001125
0.001125
0.001125
0.001125
0.001125
0.001125
0.001125
0.001125
0.001125
0.001125
0.001125
0.001125
0.001125
0.001125
0.001125
0.001125
0.001125
0.001125
0.001125
0.001125
0.001125
0.001125
0.001125
0.001125
0.001125
0.001125
0.001125
0.001125
0.001125
0.001125
0.001125
0.001125
0.001125
0.001125
0.001125
0.001125
0.001125
0.001125
0.001125
0.001125
0.001125
0.001125
0.001125
0.001125
0.001125
0.001125
0.001125
0.001125
0.001125
0.001125
0.001125
0.001125
0.001125
0.001125
0.001125
0.001125
0.001125
0.001125
0.001125
0.001125
0.001125
0.001125
0.001125
0.001125
0.001125
0.001125
0.001125
0.001125
0.001125
0.001125
0.001125
0.001125
0.001125
0.001125
0.001125
0.001125
0.001125
0.001125
0.001125
0.001125
0.001125
0.001125
0.001125
0.001125
0.001125
0.001125
0.001125
0.001125
0.001125
0.001125
0.001125
0.001125
0.001125
0.001125
0.001125
0.001125
0.001125
0.001125
0.001125
0.001125
0.001125
0.001125
0.001125
0.001125
0.001125
0.001125
0.001125
0.001125
0.001125
0.001125
0.001125
0.001125
0.001125
0.001125
0.001125
0.001125
0.001125
0.001125
0.001125
0.001125
0.001125
0.001125
0.001125
0.001125
0.001125
0.001125
0.001125
0.001125
0.001125
0.001125
0.001125
0.001125
0.001125
0.001125
0.001125
0.001125
0.001125
0.001125
0.001125
0.001125
0.001125
0.001125
0.001125
0.001125
0.001125
0.001125
0.001125
0.001125
0.001125
0.001125
0.001125
0.001125
0.001125
0.001125
0.001125
0.001125
0.001125
0.001125
0.001125
0.001125
0.001125
0.001125
0.001125
0.001125
0.001125
0.001125
0.001125
0.001125
0.001125
0.001125
0.001125
0.001125
0.001125
0.001125
0.001125
0.001125
0.001125
0.001125
0.001125
0.001125
0.001125
0.001125
0.001125
0.001125
0.001125
0.001125
0.001125
0.001125
0.001125
0.001125
0.001125
0.001125
0.001125
0.001125
0.001125
0.001125
0.001125
0.001125
0.001125
0.001125
0.001125
0.001125
0.001125
0.001125
0.001125
0.001125
0.001125
0.001125
0.001125
0.001125
0.001125
0.001125
0.001125
0.001125
0.001125
0.001125
0.001125
0.001125
0.001125
0.001125
0.001125
0.001125
0.001125
0.001125
0.001125
0.001125
0.001125
0.001125
0.001125
0.001125
0.001125
0.001125
0.001125
0.001125
0.001125
0.001125
0.001125
0.001125
0.001125
0.001125
0.001125
0.001125
0.001125
0.001125
0.001125
0.001125
0.001125
0.001125
0.001125
0.001125
0.001125
0.001125
0.001125
0.001125
0.001125
0.001125
0.001125
0.001125
0.001125
0.001125
0.001125
0.001125
0.001125
0.001125
0.001125
0.001125
0.001125
0.001125
0.001125
0.001125
0.001125
0.001125
0.001125
0.001125
0.001125
0.001125
0.001125
0.001125
0.001125
0.001125
0.001125
0.001125
0.001125
0.001125
0.001125
0.001125
0.001125
0.001125
0.001125
0.001125
0.001125
0.001125
0.001125
0.001125
0.001125
0.001125
0.001125
0.001125
0.001125
0.001125
0.001125
0.001125
0.001125
0.001125
0.001125
0.001125
0.001125
0.001125
0.001125
0.001125
0.001125
0.001125
0.001125
0.001125
0.001125
0.001125
0.001125
0.001125
0.001125
0.001125
0.001125
0.001125
0.001125
0.001125
0.001125
0.001125
0.001125
0.001125
0.001125
0.001125
0.001125
0.001125
0.001125
0.001125
0.001125
0.001125
0.001125
0.001125
0.001125
0.001125
0.001125
0.001125
0.001125
0.001125
0.001125
0.001125
0.001125
0.001125
0.001125
0.001125
0.001125
0.001125
0.001125
0.001125
0.001125
0.001125
0.001125
0.001125
0.001125
0.001125
0.001125
0.001125
0.001125
0.001125
0.001125
0.001125
0.001125
0.001125
0.001125
0.001125
0.001125
0.001125
0.001125
0.001125
0.001125
0.001125
0.001125
0.001125
0.001125
0.001125
0.001125
0.001125
0.001125
0.001125
0.001125
0.001125
0.001125
0.001125
0.001125
0.001125
0.001125
0.001125
0.001125
0.001125
0.001125
0.001125
0.001125
0.001125
0.001125
0.001125
0.001125
0.001125
0.001125
0.001125
0.001125
0.001125
0.001125
0.001125
0.001125
0.001125
0.001125
0.001125
0.001125
0.001125
0.001125
0.001125
0.001125
0.001125
0.001125
0.001125
0.001125
0.001125
0.001125
0.001125
0.001125
0.001125
0.001125
0.001125
0.001125
0.001125
0.001125
0.001125
0.001125
0.001125
0.001125
0.001125
0.001125
0.001125
0.001125
0.001125
0.001125
0.001125
0.001125
0.001125
0.001125
0.001125
0.001125
0.001125
0.001125
0.001125
0.001125
0.001125
0.001125
0.001125
0.001125
0.001125
0.001125
0.001125
0.001125
0.001125
0.001125
0.001125
0.001125
0.001125
0.001125
0.001125
0.001125
0.001125
0.001125
0.001125
0.001125
0.001125
0.001125
0.001125
0.001125
0.001125
0.001125
0.001125
0.001125
0.001125
0.001125
0.001125
0.001125
0.001125
0.001125
0.001125
0.001125
0.001125
0.001125
0.001125
0.001125
0.001125
0.001125
0.001125
0.001125
0.001125
0.001125
0.001125
0.001125
0.001125
0.001125
0.001125
0.001125
0.001125
0.001125
0.001125
0.001125
0.001125
0.001125
0.001125
0.001125
0.001125
0.001125
0.001125
0.001125
0.001125
0.001125
0.001125
0.001125
0.001125
0.001125
0.001125
0.001125
0.001125
0.001125
0.001125
0.001125
0.001125
0.001125
0.001125
0.001125
0.001125
0.001125
0.001125
0.001125
0.001125
0.001125
0.001125
0.001125
0.001125
0.001125
0.001125
0.001125
0.001125
0.001125
0.001125
0.001125
0.001125
0.001125
0.001125
0.001125
0.001125
0.001125
0.001125
0.001125
0.001125
0.001125
0.001125
0.001125
0.001125
0.001125
0.001125
0.001125
0.001125
0.001125
0.001125
0.001125
0.001125
0.001125
0.001125
0.001125
0.001125
0.001125
0.001125
0.001125
0.001125
0.001125
0.001125
0.001125
0.001125
0.001125
0.001125
0.001125
)
;

boundaryField
{
    front
    {
        type            zeroGradient;
    }
    back
    {
        type            zeroGradient;
    }
    left
    {
        type            zeroGradient;
    }
    right
    {
        type            zeroGradient;
    }
    topAndBottom
    {
        type            empty;
    }
}


// ************************************************************************* //
