/*--------------------------------*- C++ -*----------------------------------*\
| =========                 |                                                 |
| \\      /  F ield         | OpenFOAM: The Open Source CFD Toolbox           |
|  \\    /   O peration     | Version:  2312                                  |
|   \\  /    A nd           | Website:  www.openfoam.com                      |
|    \\/     M anipulation  |                                                 |
\*---------------------------------------------------------------------------*/
FoamFile
{
    version     2.0;
    format      ascii;
    arch        "LSB;label=32;scalar=64";
    class       volScalarField;
    location    "0.3";
    object      psi;
}
// * * * * * * * * * * * * * * * * * * * * * * * * * * * * * * * * * * * * * //

dimensions      [0 0 0 0 0 0 0];

internalField   nonuniform List<scalar> 
10000
(
0.00112497
0.00112498
0.001125
0.001125
0.001125
0.001125
0.001125
0.001125
0.001125
0.001125
0.001125
0.001125
0.001125
0.001125
0.001125
0.001125
0.001125
0.001125
0.001125
0.001125
0.001125
0.001125
0.001125
0.001125
0.001125
0.001125
0.001125
0.001125
0.001125
0.001125
0.001125
0.001125
0.001125
0.001125
0.001125
0.001125
0.001125
0.001125
0.001125
0.001125
0.001125
0.001125
0.001125
0.001125
0.001125
0.001125
0.001125
0.001125
0.001125
0.001125
0.001125
0.001125
0.001125
0.001125
0.001125
0.001125
0.001125
0.001125
0.001125
0.001125
0.001125
0.001125
0.001125
0.001125
0.001125
0.001125
0.001125
0.001125
0.001125
0.001125
0.001125
0.001125
0.001125
0.001125
0.001125
0.001125
0.001125
0.001125
0.001125
0.001125
0.001125
0.001125
0.001125
0.001125
0.001125
0.001125
0.001125
0.001125
0.001125
0.001125
0.001125
0.001125
0.001125
0.001125
0.001125
0.001125
0.001125
0.001125
0.001125
0.001125
0.00112498
0.00112499
0.001125
0.001125
0.001125
0.001125
0.001125
0.001125
0.001125
0.001125
0.001125
0.001125
0.001125
0.001125
0.001125
0.001125
0.001125
0.001125
0.001125
0.001125
0.001125
0.001125
0.001125
0.001125
0.001125
0.001125
0.001125
0.001125
0.001125
0.001125
0.001125
0.001125
0.001125
0.001125
0.001125
0.001125
0.001125
0.001125
0.001125
0.001125
0.001125
0.001125
0.001125
0.001125
0.001125
0.001125
0.001125
0.001125
0.001125
0.001125
0.001125
0.001125
0.001125
0.001125
0.001125
0.001125
0.001125
0.001125
0.001125
0.001125
0.001125
0.001125
0.001125
0.001125
0.001125
0.001125
0.001125
0.001125
0.001125
0.001125
0.001125
0.001125
0.001125
0.001125
0.001125
0.001125
0.001125
0.001125
0.001125
0.001125
0.001125
0.001125
0.001125
0.001125
0.001125
0.001125
0.001125
0.001125
0.001125
0.001125
0.001125
0.001125
0.001125
0.001125
0.001125
0.001125
0.001125
0.001125
0.001125
0.001125
0.001125
0.001125
0.001125
0.001125
0.001125
0.001125
0.001125
0.001125
0.001125
0.001125
0.001125
0.001125
0.001125
0.001125
0.001125
0.001125
0.001125
0.001125
0.001125
0.001125
0.001125
0.001125
0.001125
0.001125
0.001125
0.001125
0.001125
0.001125
0.001125
0.001125
0.001125
0.001125
0.001125
0.001125
0.001125
0.001125
0.001125
0.001125
0.001125
0.001125
0.001125
0.001125
0.001125
0.001125
0.001125
0.001125
0.001125
0.001125
0.001125
0.001125
0.001125
0.001125
0.001125
0.001125
0.001125
0.001125
0.001125
0.001125
0.001125
0.001125
0.001125
0.001125
0.001125
0.001125
0.001125
0.001125
0.001125
0.001125
0.001125
0.001125
0.001125
0.001125
0.001125
0.001125
0.001125
0.001125
0.001125
0.001125
0.001125
0.001125
0.001125
0.001125
0.001125
0.001125
0.001125
0.001125
0.001125
0.001125
0.001125
0.001125
0.001125
0.001125
0.001125
0.001125
0.001125
0.001125
0.001125
0.001125
0.001125
0.001125
0.001125
0.001125
0.001125
0.001125
0.001125
0.001125
0.001125
0.001125
0.001125
0.001125
0.001125
0.001125
0.001125
0.001125
0.001125
0.001125
0.001125
0.001125
0.001125
0.001125
0.001125
0.001125
0.001125
0.001125
0.001125
0.001125
0.001125
0.001125
0.001125
0.001125
0.001125
0.001125
0.001125
0.001125
0.001125
0.001125
0.001125
0.001125
0.001125
0.001125
0.001125
0.001125
0.001125
0.001125
0.001125
0.001125
0.001125
0.001125
0.001125
0.001125
0.001125
0.001125
0.001125
0.001125
0.001125
0.001125
0.001125
0.001125
0.001125
0.001125
0.001125
0.001125
0.001125
0.001125
0.001125
0.001125
0.001125
0.001125
0.001125
0.001125
0.001125
0.001125
0.001125
0.001125
0.001125
0.001125
0.001125
0.001125
0.001125
0.001125
0.001125
0.001125
0.001125
0.001125
0.001125
0.001125
0.001125
0.001125
0.001125
0.001125
0.001125
0.001125
0.001125
0.001125
0.001125
0.001125
0.001125
0.001125
0.001125
0.001125
0.001125
0.001125
0.001125
0.001125
0.001125
0.001125
0.001125
0.001125
0.001125
0.001125
0.001125
0.001125
0.001125
0.001125
0.001125
0.001125
0.001125
0.001125
0.001125
0.001125
0.001125
0.001125
0.001125
0.001125
0.001125
0.001125
0.001125
0.001125
0.001125
0.001125
0.001125
0.001125
0.001125
0.001125
0.001125
0.001125
0.001125
0.001125
0.001125
0.001125
0.001125
0.001125
0.001125
0.001125
0.001125
0.001125
0.001125
0.001125
0.001125
0.001125
0.001125
0.001125
0.001125
0.001125
0.001125
0.001125
0.001125
0.001125
0.001125
0.001125
0.001125
0.001125
0.001125
0.001125
0.001125
0.001125
0.001125
0.001125
0.001125
0.001125
0.001125
0.001125
0.001125
0.001125
0.001125
0.001125
0.001125
0.001125
0.001125
0.001125
0.001125
0.001125
0.001125
0.001125
0.001125
0.001125
0.001125
0.001125
0.001125
0.001125
0.001125
0.001125
0.001125
0.001125
0.001125
0.001125
0.001125
0.001125
0.001125
0.001125
0.001125
0.001125
0.001125
0.001125
0.001125
0.001125
0.001125
0.001125
0.001125
0.001125
0.001125
0.001125
0.001125
0.001125
0.001125
0.001125
0.001125
0.001125
0.001125
0.001125
0.001125
0.001125
0.001125
0.001125
0.001125
0.001125
0.001125
0.001125
0.001125
0.001125
0.001125
0.001125
0.001125
0.001125
0.001125
0.001125
0.001125
0.001125
0.001125
0.001125
0.001125
0.001125
0.001125
0.001125
0.001125
0.001125
0.001125
0.001125
0.001125
0.001125
0.001125
0.001125
0.001125
0.001125
0.001125
0.001125
0.001125
0.001125
0.001125
0.001125
0.001125
0.001125
0.001125
0.001125
0.001125
0.001125
0.001125
0.001125
0.001125
0.001125
0.001125
0.001125
0.001125
0.001125
0.001125
0.001125
0.001125
0.001125
0.001125
0.001125
0.001125
0.001125
0.001125
0.001125
0.001125
0.001125
0.001125
0.001125
0.001125
0.001125
0.001125
0.001125
0.001125
0.001125
0.001125
0.001125
0.001125
0.001125
0.001125
0.001125
0.001125
0.001125
0.001125
0.001125
0.001125
0.001125
0.001125
0.001125
0.001125
0.001125
0.001125
0.001125
0.001125
0.001125
0.001125
0.001125
0.001125
0.001125
0.001125
0.001125
0.001125
0.001125
0.001125
0.001125
0.001125
0.001125
0.001125
0.001125
0.001125
0.001125
0.001125
0.001125
0.001125
0.001125
0.001125
0.001125
0.001125
0.001125
0.001125
0.001125
0.001125
0.001125
0.001125
0.001125
0.001125
0.001125
0.001125
0.001125
0.001125
0.001125
0.001125
0.001125
0.001125
0.001125
0.001125
0.001125
0.001125
0.001125
0.001125
0.001125
0.001125
0.001125
0.001125
0.001125
0.001125
0.001125
0.001125
0.001125
0.001125
0.001125
0.001125
0.001125
0.001125
0.001125
0.001125
0.001125
0.001125
0.001125
0.001125
0.001125
0.001125
0.001125
0.001125
0.001125
0.001125
0.001125
0.001125
0.001125
0.001125
0.001125
0.001125
0.001125
0.001125
0.001125
0.001125
0.001125
0.001125
0.001125
0.001125
0.001125
0.001125
0.001125
0.001125
0.001125
0.001125
0.001125
0.001125
0.001125
0.001125
0.001125
0.001125
0.001125
0.001125
0.001125
0.001125
0.001125
0.001125
0.001125
0.001125
0.001125
0.001125
0.001125
0.001125
0.001125
0.001125
0.001125
0.001125
0.001125
0.001125
0.001125
0.001125
0.001125
0.001125
0.001125
0.001125
0.001125
0.001125
0.001125
0.001125
0.001125
0.001125
0.001125
0.001125
0.001125
0.001125
0.001125
0.001125
0.001125
0.001125
0.001125
0.001125
0.001125
0.001125
0.001125
0.001125
0.001125
0.001125
0.001125
0.001125
0.001125
0.001125
0.001125
0.001125
0.001125
0.001125
0.001125
0.001125
0.001125
0.001125
0.001125
0.001125
0.001125
0.001125
0.001125
0.001125
0.001125
0.001125
0.001125
0.001125
0.001125
0.001125
0.001125
0.001125
0.001125
0.001125
0.001125
0.001125
0.001125
0.001125
0.001125
0.001125
0.001125
0.001125
0.001125
0.001125
0.001125
0.001125
0.001125
0.001125
0.001125
0.001125
0.001125
0.001125
0.001125
0.001125
0.001125
0.001125
0.001125
0.001125
0.001125
0.001125
0.001125
0.001125
0.001125
0.001125
0.001125
0.001125
0.001125
0.001125
0.001125
0.001125
0.001125
0.001125
0.001125
0.001125
0.001125
0.001125
0.001125
0.001125
0.001125
0.001125
0.001125
0.001125
0.001125
0.001125
0.001125
0.001125
0.001125
0.001125
0.001125
0.001125
0.001125
0.001125
0.001125
0.001125
0.001125
0.001125
0.001125
0.001125
0.001125
0.001125
0.001125
0.001125
0.001125
0.001125
0.001125
0.001125
0.001125
0.001125
0.001125
0.001125
0.001125
0.001125
0.001125
0.001125
0.001125
0.001125
0.001125
0.001125
0.001125
0.001125
0.001125
0.001125
0.001125
0.001125
0.001125
0.001125
0.001125
0.001125
0.001125
0.001125
0.001125
0.001125
0.001125
0.001125
0.001125
0.001125
0.001125
0.001125
0.001125
0.001125
0.001125
0.001125
0.001125
0.001125
0.001125
0.001125
0.001125
0.001125
0.001125
0.001125
0.001125
0.001125
0.001125
0.001125
0.001125
0.001125
0.001125
0.001125
0.001125
0.001125
0.001125
0.001125
0.001125
0.001125
0.001125
0.001125
0.001125
0.001125
0.001125
0.001125
0.001125
0.001125
0.001125
0.001125
0.001125
0.001125
0.001125
0.001125
0.001125
0.001125
0.001125
0.001125
0.001125
0.001125
0.001125
0.001125
0.001125
0.001125
0.001125
0.001125
0.001125
0.001125
0.001125
0.001125
0.001125
0.001125
0.001125
0.001125
0.001125
0.001125
0.001125
0.001125
0.001125
0.001125
0.001125
0.001125
0.001125
0.001125
0.001125
0.001125
0.001125
0.001125
0.001125
0.001125
0.001125
0.001125
0.001125
0.001125
0.001125
0.001125
0.001125
0.001125
0.001125
0.001125
0.001125
0.001125
0.001125
0.001125
0.001125
0.001125
0.001125
0.001125
0.001125
0.001125
0.001125
0.001125
0.001125
0.001125
0.001125
0.001125
0.001125
0.001125
0.001125
0.001125
0.001125
0.001125
0.001125
0.001125
0.001125
0.001125
0.001125
0.001125
0.001125
0.001125
0.001125
0.001125
0.001125
0.001125
0.001125
0.001125
0.001125
0.001125
0.001125
0.001125
0.001125
0.001125
0.001125
0.001125
0.001125
0.001125
0.001125
0.001125
0.001125
0.001125
0.001125
0.001125
0.001125
0.001125
0.001125
0.001125
0.001125
0.001125
0.001125
0.001125
0.001125
0.001125
0.001125
0.001125
0.001125
0.001125
0.001125
0.001125
0.001125
0.001125
0.001125
0.001125
0.001125
0.001125
0.001125
0.001125
0.001125
0.001125
0.001125
0.001125
0.001125
0.001125
0.001125
0.001125
0.001125
0.001125
0.001125
0.001125
0.001125
0.001125
0.001125
0.001125
0.001125
0.001125
0.001125
0.001125
0.001125
0.001125
0.001125
0.001125
0.001125
0.001125
0.001125
0.001125
0.001125
0.001125
0.001125
0.001125
0.001125
0.001125
0.001125
0.001125
0.001125
0.001125
0.001125
0.001125
0.001125
0.001125
0.001125
0.001125
0.001125
0.001125
0.001125
0.001125
0.001125
0.001125
0.001125
0.001125
0.001125
0.001125
0.001125
0.001125
0.001125
0.001125
0.001125
0.001125
0.001125
0.001125
0.001125
0.001125
0.001125
0.001125
0.001125
0.001125
0.001125
0.001125
0.001125
0.001125
0.001125
0.001125
0.001125
0.001125
0.001125
0.001125
0.001125
0.001125
0.001125
0.001125
0.001125
0.001125
0.001125
0.001125
0.001125
0.001125
0.001125
0.001125
0.001125
0.001125
0.001125
0.001125
0.001125
0.001125
0.001125
0.001125
0.001125
0.001125
0.001125
0.001125
0.001125
0.001125
0.001125
0.001125
0.001125
0.001125
0.001125
0.001125
0.001125
0.001125
0.001125
0.001125
0.001125
0.001125
0.001125
0.001125
0.001125
0.001125
0.001125
0.001125
0.001125
0.001125
0.001125
0.001125
0.001125
0.001125
0.001125
0.001125
0.001125
0.001125
0.001125
0.001125
0.001125
0.001125
0.001125
0.001125
0.001125
0.001125
0.001125
0.001125
0.001125
0.001125
0.001125
0.001125
0.001125
0.001125
0.001125
0.001125
0.001125
0.001125
0.001125
0.001125
0.001125
0.001125
0.001125
0.001125
0.001125
0.001125
0.001125
0.001125
0.001125
0.001125
0.001125
0.001125
0.001125
0.001125
0.001125
0.001125
0.001125
0.001125
0.001125
0.001125
0.001125
0.001125
0.001125
0.001125
0.001125
0.001125
0.001125
0.001125
0.001125
0.001125
0.001125
0.001125
0.001125
0.001125
0.001125
0.001125
0.001125
0.001125
0.001125
0.001125
0.001125
0.001125
0.001125
0.001125
0.001125
0.001125
0.001125
0.001125
0.001125
0.001125
0.001125
0.001125
0.001125
0.001125
0.001125
0.001125
0.001125
0.001125
0.001125
0.001125
0.001125
0.001125
0.001125
0.001125
0.001125
0.001125
0.001125
0.001125
0.001125
0.001125
0.001125
0.001125
0.001125
0.001125
0.001125
0.001125
0.001125
0.001125
0.001125
0.001125
0.001125
0.001125
0.001125
0.001125
0.001125
0.001125
0.001125
0.001125
0.001125
0.001125
0.001125
0.001125
0.001125
0.001125
0.001125
0.001125
0.001125
0.001125
0.001125
0.001125
0.001125
0.001125
0.001125
0.001125
0.001125
0.001125
0.001125
0.001125
0.001125
0.001125
0.001125
0.001125
0.001125
0.001125
0.001125
0.001125
0.001125
0.001125
0.001125
0.001125
0.001125
0.001125
0.001125
0.001125
0.001125
0.001125
0.001125
0.001125
0.001125
0.001125
0.001125
0.001125
0.001125
0.001125
0.001125
0.001125
0.001125
0.001125
0.001125
0.001125
0.001125
0.001125
0.001125
0.001125
0.001125
0.001125
0.001125
0.001125
0.001125
0.001125
0.001125
0.001125
0.001125
0.001125
0.001125
0.001125
0.001125
0.001125
0.001125
0.001125
0.001125
0.001125
0.001125
0.001125
0.001125
0.001125
0.001125
0.001125
0.001125
0.001125
0.001125
0.001125
0.001125
0.001125
0.001125
0.001125
0.001125
0.001125
0.001125
0.001125
0.001125
0.001125
0.001125
0.001125
0.001125
0.001125
0.001125
0.001125
0.001125
0.001125
0.001125
0.001125
0.001125
0.001125
0.001125
0.001125
0.001125
0.001125
0.001125
0.001125
0.001125
0.001125
0.001125
0.001125
0.001125
0.001125
0.001125
0.001125
0.001125
0.001125
0.001125
0.001125
0.001125
0.001125
0.001125
0.001125
0.001125
0.001125
0.001125
0.001125
0.001125
0.001125
0.001125
0.001125
0.001125
0.001125
0.001125
0.001125
0.001125
0.001125
0.001125
0.001125
0.001125
0.001125
0.001125
0.001125
0.001125
0.001125
0.001125
0.001125
0.001125
0.001125
0.001125
0.001125
0.001125
0.001125
0.001125
0.001125
0.001125
0.001125
0.001125
0.001125
0.001125
0.001125
0.001125
0.001125
0.001125
0.001125
0.001125
0.001125
0.001125
0.001125
0.001125
0.001125
0.001125
0.001125
0.001125
0.001125
0.001125
0.001125
0.001125
0.001125
0.001125
0.001125
0.001125
0.001125
0.001125
0.001125
0.001125
0.001125
0.001125
0.001125
0.001125
0.001125
0.001125
0.001125
0.001125
0.001125
0.001125
0.001125
0.001125
0.001125
0.001125
0.001125
0.001125
0.001125
0.001125
0.001125
0.001125
0.001125
0.001125
0.001125
0.001125
0.001125
0.001125
0.001125
0.001125
0.001125
0.001125
0.001125
0.001125
0.001125
0.001125
0.001125
0.001125
0.001125
0.001125
0.001125
0.001125
0.001125
0.001125
0.001125
0.001125
0.001125
0.001125
0.001125
0.001125
0.001125
0.001125
0.001125
0.001125
0.001125
0.001125
0.001125
0.001125
0.001125
0.001125
0.001125
0.001125
0.001125
0.001125
0.001125
0.001125
0.001125
0.001125
0.001125
0.001125
0.001125
0.001125
0.001125
0.001125
0.001125
0.001125
0.001125
0.001125
0.001125
0.001125
0.001125
0.001125
0.001125
0.001125
0.001125
0.001125
0.001125
0.001125
0.001125
0.001125
0.001125
0.001125
0.001125
0.001125
0.001125
0.001125
0.001125
0.001125
0.001125
0.001125
0.001125
0.001125
0.001125
0.001125
0.001125
0.001125
0.001125
0.001125
0.001125
0.001125
0.001125
0.001125
0.001125
0.001125
0.001125
0.001125
0.001125
0.001125
0.001125
0.001125
0.001125
0.001125
0.001125
0.001125
0.001125
0.001125
0.001125
0.001125
0.001125
0.001125
0.001125
0.001125
0.001125
0.001125
0.001125
0.001125
0.001125
0.001125
0.001125
0.001125
0.001125
0.001125
0.001125
0.001125
0.001125
0.001125
0.001125
0.001125
0.001125
0.001125
0.001125
0.001125
0.001125
0.001125
0.001125
0.001125
0.001125
0.001125
0.001125
0.001125
0.001125
0.001125
0.001125
0.001125
0.001125
0.001125
0.001125
0.001125
0.001125
0.001125
0.001125
0.001125
0.001125
0.001125
0.001125
0.001125
0.001125
0.001125
0.001125
0.001125
0.001125
0.001125
0.001125
0.001125
0.001125
0.001125
0.001125
0.001125
0.001125
0.001125
0.001125
0.001125
0.001125
0.001125
0.001125
0.001125
0.001125
0.001125
0.001125
0.001125
0.001125
0.001125
0.001125
0.001125
0.001125
0.001125
0.001125
0.001125
0.001125
0.001125
0.001125
0.001125
0.001125
0.001125
0.001125
0.001125
0.001125
0.001125
0.001125
0.001125
0.001125
0.001125
0.001125
0.001125
0.001125
0.001125
0.001125
0.001125
0.001125
0.001125
0.001125
0.001125
0.001125
0.001125
0.001125
0.001125
0.001125
0.001125
0.001125
0.001125
0.001125
0.001125
0.001125
0.001125
0.001125
0.001125
0.001125
0.001125
0.001125
0.001125
0.001125
0.001125
0.001125
0.001125
0.001125
0.001125
0.001125
0.001125
0.001125
0.001125
0.001125
0.001125
0.001125
0.001125
0.001125
0.001125
0.001125
0.001125
0.001125
0.001125
0.001125
0.001125
0.001125
0.001125
0.001125
0.001125
0.001125
0.001125
0.001125
0.001125
0.001125
0.001125
0.001125
0.001125
0.001125
0.001125
0.001125
0.001125
0.001125
0.001125
0.001125
0.001125
0.001125
0.001125
0.001125
0.001125
0.001125
0.001125
0.001125
0.001125
0.001125
0.001125
0.001125
0.001125
0.001125
0.001125
0.001125
0.001125
0.001125
0.001125
0.001125
0.001125
0.001125
0.001125
0.001125
0.001125
0.001125
0.001125
0.001125
0.001125
0.001125
0.001125
0.001125
0.001125
0.001125
0.001125
0.001125
0.001125
0.001125
0.001125
0.001125
0.001125
0.001125
0.001125
0.001125
0.001125
0.001125
0.001125
0.001125
0.001125
0.001125
0.001125
0.001125
0.001125
0.001125
0.001125
0.001125
0.001125
0.001125
0.001125
0.001125
0.001125
0.001125
0.001125
0.001125
0.001125
0.001125
0.001125
0.001125
0.001125
0.001125
0.001125
0.001125
0.001125
0.001125
0.001125
0.001125
0.001125
0.001125
0.001125
0.001125
0.001125
0.001125
0.001125
0.001125
0.001125
0.001125
0.001125
0.001125
0.001125
0.001125
0.001125
0.001125
0.001125
0.001125
0.001125
0.001125
0.001125
0.001125
0.001125
0.001125
0.001125
0.001125
0.001125
0.001125
0.001125
0.001125
0.001125
0.001125
0.001125
0.001125
0.001125
0.001125
0.001125
0.001125
0.001125
0.001125
0.001125
0.001125
0.001125
0.001125
0.001125
0.001125
0.001125
0.001125
0.001125
0.001125
0.001125
0.001125
0.001125
0.001125
0.001125
0.001125
0.001125
0.001125
0.001125
0.001125
0.001125
0.001125
0.001125
0.001125
0.001125
0.001125
0.001125
0.001125
0.001125
0.001125
0.001125
0.001125
0.001125
0.001125
0.001125
0.001125
0.001125
0.001125
0.001125
0.001125
0.001125
0.001125
0.001125
0.001125
0.001125
0.001125
0.001125
0.001125
0.001125
0.001125
0.001125
0.001125
0.001125
0.001125
0.001125
0.001125
0.001125
0.001125
0.001125
0.001125
0.001125
0.001125
0.001125
0.001125
0.001125
0.001125
0.001125
0.001125
0.001125
0.001125
0.001125
0.001125
0.001125
0.001125
0.001125
0.001125
0.001125
0.001125
0.001125
0.001125
0.001125
0.001125
0.001125
0.001125
0.001125
0.001125
0.001125
0.001125
0.001125
0.001125
0.001125
0.001125
0.001125
0.001125
0.001125
0.001125
0.001125
0.001125
0.001125
0.001125
0.001125
0.001125
0.001125
0.001125
0.001125
0.001125
0.001125
0.001125
0.001125
0.001125
0.001125
0.001125
0.001125
0.001125
0.001125
0.001125
0.001125
0.001125
0.001125
0.001125
0.001125
0.001125
0.001125
0.001125
0.001125
0.001125
0.001125
0.001125
0.001125
0.001125
0.001125
0.001125
0.001125
0.001125
0.001125
0.001125
0.001125
0.001125
0.001125
0.001125
0.001125
0.001125
0.001125
0.001125
0.001125
0.001125
0.001125
0.001125
0.001125
0.001125
0.001125
0.001125
0.001125
0.001125
0.001125
0.001125
0.001125
0.001125
0.001125
0.001125
0.001125
0.001125
0.001125
0.001125
0.001125
0.001125
0.001125
0.001125
0.001125
0.001125
0.001125
0.001125
0.001125
0.001125
0.001125
0.001125
0.001125
0.001125
0.001125
0.001125
0.001125
0.001125
0.001125
0.001125
0.001125
0.001125
0.001125
0.001125
0.001125
0.001125
0.001125
0.001125
0.001125
0.001125
0.001125
0.001125
0.001125
0.001125
0.001125
0.001125
0.001125
0.001125
0.001125
0.001125
0.001125
0.001125
0.001125
0.001125
0.001125
0.001125
0.001125
0.001125
0.001125
0.001125
0.001125
0.001125
0.001125
0.001125
0.001125
0.001125
0.001125
0.001125
0.001125
0.001125
0.001125
0.001125
0.001125
0.001125
0.001125
0.001125
0.001125
0.001125
0.001125
0.001125
0.001125
0.001125
0.001125
0.001125
0.001125
0.001125
0.001125
0.001125
0.001125
0.001125
0.001125
0.001125
0.001125
0.001125
0.001125
0.001125
0.001125
0.001125
0.001125
0.001125
0.001125
0.001125
0.001125
0.001125
0.001125
0.001125
0.001125
0.001125
0.001125
0.001125
0.001125
0.001125
0.001125
0.001125
0.001125
0.001125
0.001125
0.001125
0.001125
0.001125
0.001125
0.001125
0.001125
0.001125
0.001125
0.001125
0.001125
0.001125
0.001125
0.001125
0.001125
0.001125
0.001125
0.001125
0.001125
0.001125
0.001125
0.001125
0.001125
0.001125
0.001125
0.001125
0.001125
0.001125
0.001125
0.001125
0.001125
0.001125
0.001125
0.001125
0.001125
0.001125
0.001125
0.001125
0.001125
0.001125
0.001125
0.001125
0.001125
0.001125
0.001125
0.001125
0.001125
0.001125
0.001125
0.001125
0.001125
0.001125
0.001125
0.001125
0.001125
0.001125
0.001125
0.001125
0.001125
0.001125
0.001125
0.001125
0.001125
0.001125
0.001125
0.001125
0.001125
0.001125
0.001125
0.001125
0.001125
0.001125
0.001125
0.001125
0.001125
0.001125
0.001125
0.001125
0.001125
0.001125
0.001125
0.001125
0.001125
0.001125
0.001125
0.001125
0.001125
0.001125
0.001125
0.001125
0.001125
0.001125
0.001125
0.001125
0.001125
0.001125
0.001125
0.001125
0.001125
0.001125
0.001125
0.001125
0.001125
0.001125
0.001125
0.001125
0.001125
0.001125
0.001125
0.001125
0.001125
0.001125
0.001125
0.001125
0.001125
0.001125
0.001125
0.001125
0.001125
0.001125
0.001125
0.001125
0.001125
0.001125
0.001125
0.001125
0.001125
0.001125
0.001125
0.001125
0.001125
0.001125
0.001125
0.001125
0.001125
0.001125
0.001125
0.001125
0.001125
0.001125
0.001125
0.001125
0.001125
0.001125
0.001125
0.001125
0.001125
0.001125
0.001125
0.001125
0.001125
0.001125
0.001125
0.001125
0.001125
0.001125
0.001125
0.001125
0.001125
0.001125
0.001125
0.001125
0.001125
0.001125
0.001125
0.001125
0.001125
0.001125
0.001125
0.001125
0.001125
0.001125
0.001125
0.001125
0.001125
0.001125
0.001125
0.001125
0.001125
0.001125
0.001125
0.001125
0.001125
0.001125
0.001125
0.001125
0.001125
0.001125
0.001125
0.001125
0.001125
0.001125
0.001125
0.001125
0.001125
0.001125
0.001125
0.001125
0.001125
0.001125
0.001125
0.001125
0.001125
0.001125
0.001125
0.001125
0.001125
0.001125
0.001125
0.001125
0.001125
0.001125
0.001125
0.001125
0.001125
0.001125
0.001125
0.001125
0.001125
0.001125
0.001125
0.001125
0.001125
0.001125
0.001125
0.001125
0.001125
0.001125
0.001125
0.001125
0.001125
0.001125
0.001125
0.001125
0.001125
0.001125
0.001125
0.001125
0.001125
0.001125
0.001125
0.001125
0.001125
0.001125
0.001125
0.001125
0.001125
0.001125
0.001125
0.001125
0.001125
0.001125
0.001125
0.001125
0.001125
0.001125
0.001125
0.001125
0.001125
0.001125
0.001125
0.001125
0.001125
0.001125
0.001125
0.001125
0.001125
0.001125
0.001125
0.001125
0.001125
0.001125
0.001125
0.001125
0.001125
0.001125
0.001125
0.001125
0.001125
0.001125
0.001125
0.001125
0.001125
0.001125
0.001125
0.001125
0.001125
0.001125
0.001125
0.001125
0.001125
0.001125
0.001125
0.001125
0.001125
0.001125
0.001125
0.001125
0.001125
0.001125
0.001125
0.001125
0.001125
0.001125
0.001125
0.001125
0.001125
0.001125
0.001125
0.001125
0.001125
0.001125
0.001125
0.001125
0.001125
0.001125
0.001125
0.001125
0.001125
0.001125
0.001125
0.001125
0.001125
0.001125
0.001125
0.001125
0.001125
0.001125
0.001125
0.001125
0.001125
0.001125
0.001125
0.001125
0.001125
0.001125
0.001125
0.001125
0.001125
0.001125
0.001125
0.001125
0.001125
0.001125
0.001125
0.001125
0.001125
0.001125
0.001125
0.001125
0.001125
0.001125
0.001125
0.001125
0.001125
0.001125
0.001125
0.001125
0.001125
0.001125
0.001125
0.001125
0.001125
0.001125
0.001125
0.001125
0.001125
0.001125
0.001125
0.001125
0.001125
0.001125
0.001125
0.001125
0.001125
0.001125
0.001125
0.001125
0.001125
0.001125
0.001125
0.001125
0.001125
0.001125
0.001125
0.001125
0.001125
0.001125
0.001125
0.001125
0.001125
0.001125
0.001125
0.001125
0.001125
0.001125
0.001125
0.001125
0.001125
0.001125
0.001125
0.001125
0.001125
0.001125
0.001125
0.001125
0.001125
0.001125
0.001125
0.001125
0.001125
0.001125
0.001125
0.001125
0.001125
0.001125
0.001125
0.001125
0.001125
0.001125
0.001125
0.001125
0.001125
0.001125
0.001125
0.001125
0.001125
0.001125
0.001125
0.001125
0.001125
0.001125
0.001125
0.001125
0.001125
0.001125
0.001125
0.001125
0.001125
0.001125
0.001125
0.001125
0.001125
0.001125
0.001125
0.001125
0.001125
0.001125
0.001125
0.001125
0.001125
0.001125
0.001125
0.001125
0.001125
0.001125
0.001125
0.001125
0.001125
0.001125
0.001125
0.001125
0.001125
0.001125
0.001125
0.001125
0.001125
0.001125
0.001125
0.001125
0.001125
0.001125
0.001125
0.001125
0.001125
0.001125
0.001125
0.001125
0.001125
0.001125
0.001125
0.001125
0.001125
0.001125
0.001125
0.001125
0.001125
0.001125
0.001125
0.001125
0.001125
0.001125
0.001125
0.001125
0.001125
0.001125
0.001125
0.001125
0.001125
0.001125
0.001125
0.001125
0.001125
0.001125
0.001125
0.001125
0.001125
0.001125
0.001125
0.001125
0.001125
0.001125
0.001125
0.001125
0.001125
0.001125
0.001125
0.001125
0.001125
0.001125
0.001125
0.001125
0.001125
0.001125
0.001125
0.001125
0.001125
0.001125
0.001125
0.001125
0.001125
0.001125
0.001125
0.001125
0.001125
0.001125
0.001125
0.001125
0.001125
0.001125
0.001125
0.001125
0.001125
0.001125
0.001125
0.001125
0.001125
0.001125
0.001125
0.001125
0.001125
0.001125
0.001125
0.001125
0.001125
0.001125
0.001125
0.001125
0.001125
0.001125
0.001125
0.001125
0.001125
0.001125
0.001125
0.001125
0.001125
0.001125
0.001125
0.001125
0.001125
0.001125
0.001125
0.001125
0.001125
0.001125
0.001125
0.001125
0.001125
0.001125
0.001125
0.001125
0.001125
0.001125
0.001125
0.001125
0.001125
0.001125
0.001125
0.001125
0.001125
0.001125
0.001125
0.001125
0.001125
0.001125
0.001125
0.001125
0.001125
0.001125
0.001125
0.001125
0.001125
0.001125
0.001125
0.001125
0.001125
0.001125
0.001125
0.001125
0.001125
0.001125
0.001125
0.001125
0.001125
0.001125
0.001125
0.001125
0.001125
0.001125
0.001125
0.001125
0.001125
0.001125
0.001125
0.001125
0.001125
0.001125
0.001125
0.001125
0.001125
0.001125
0.001125
0.001125
0.001125
0.001125
0.001125
0.001125
0.001125
0.001125
0.001125
0.001125
0.001125
0.001125
0.001125
0.001125
0.001125
0.001125
0.001125
0.001125
0.001125
0.001125
0.001125
0.001125
0.001125
0.001125
0.001125
0.001125
0.001125
0.001125
0.001125
0.001125
0.001125
0.001125
0.001125
0.001125
0.001125
0.001125
0.001125
0.001125
0.001125
0.001125
0.001125
0.001125
0.001125
0.001125
0.001125
0.001125
0.001125
0.001125
0.001125
0.001125
0.001125
0.001125
0.001125
0.001125
0.001125
0.001125
0.001125
0.001125
0.001125
0.001125
0.001125
0.001125
0.001125
0.001125
0.001125
0.001125
0.001125
0.001125
0.001125
0.001125
0.001125
0.001125
0.001125
0.001125
0.001125
0.001125
0.001125
0.001125
0.001125
0.001125
0.001125
0.001125
0.001125
0.001125
0.001125
0.001125
0.001125
0.001125
0.001125
0.001125
0.001125
0.001125
0.001125
0.001125
0.001125
0.001125
0.001125
0.001125
0.001125
0.001125
0.001125
0.001125
0.001125
0.001125
0.001125
0.001125
0.001125
0.001125
0.001125
0.001125
0.001125
0.001125
0.001125
0.001125
0.001125
0.001125
0.001125
0.001125
0.001125
0.001125
0.001125
0.001125
0.001125
0.001125
0.001125
0.001125
0.001125
0.001125
0.001125
0.001125
0.001125
0.001125
0.001125
0.001125
0.001125
0.001125
0.001125
0.001125
0.001125
0.001125
0.001125
0.001125
0.001125
0.001125
0.001125
0.001125
0.001125
0.001125
0.001125
0.001125
0.001125
0.001125
0.001125
0.001125
0.001125
0.001125
0.001125
0.001125
0.001125
0.001125
0.001125
0.001125
0.001125
0.001125
0.001125
0.001125
0.001125
0.001125
0.001125
0.001125
0.001125
0.001125
0.001125
0.001125
0.001125
0.001125
0.001125
0.001125
0.001125
0.001125
0.001125
0.001125
0.001125
0.001125
0.001125
0.001125
0.001125
0.001125
0.001125
0.001125
0.001125
0.001125
0.001125
0.001125
0.001125
0.001125
0.001125
0.001125
0.001125
0.001125
0.001125
0.001125
0.001125
0.001125
0.001125
0.001125
0.001125
0.001125
0.001125
0.001125
0.001125
0.001125
0.001125
0.001125
0.001125
0.001125
0.001125
0.001125
0.001125
0.001125
0.001125
0.001125
0.001125
0.001125
0.001125
0.001125
0.001125
0.001125
0.001125
0.001125
0.001125
0.001125
0.001125
0.001125
0.001125
0.001125
0.001125
0.001125
0.001125
0.001125
0.001125
0.001125
0.001125
0.001125
0.001125
0.001125
0.001125
0.001125
0.001125
0.001125
0.001125
0.001125
0.001125
0.001125
0.001125
0.001125
0.001125
0.001125
0.001125
0.00112499
0.00112499
0.00112499
0.001125
0.001125
0.001125
0.001125
0.001125
0.001125
0.001125
0.001125
0.001125
0.001125
0.001125
0.001125
0.001125
0.001125
0.001125
0.001125
0.001125
0.001125
0.001125
0.001125
0.001125
0.001125
0.001125
0.001125
0.001125
0.001125
0.001125
0.001125
0.001125
0.001125
0.001125
0.001125
0.001125
0.001125
0.001125
0.001125
0.001125
0.001125
0.001125
0.001125
0.001125
0.001125
0.001125
0.001125
0.001125
0.001125
0.001125
0.001125
0.001125
0.001125
0.001125
0.001125
0.001125
0.001125
0.001125
0.001125
0.001125
0.001125
0.001125
0.001125
0.001125
0.001125
0.001125
0.001125
0.001125
0.001125
0.001125
0.001125
0.001125
0.001125
0.001125
0.001125
0.001125
0.001125
0.001125
0.001125
0.001125
0.001125
0.001125
0.001125
0.001125
0.001125
0.001125
0.001125
0.001125
0.001125
0.001125
0.001125
0.001125
0.001125
0.001125
0.001125
0.001125
0.001125
0.001125
0.001125
0.00112498
0.00112496
0.00112494
0.00112496
0.00112499
0.001125
0.001125
0.001125
0.001125
0.001125
0.001125
0.001125
0.001125
0.001125
0.001125
0.001125
0.001125
0.001125
0.001125
0.001125
0.001125
0.001125
0.001125
0.001125
0.001125
0.001125
0.001125
0.001125
0.001125
0.001125
0.001125
0.001125
0.001125
0.001125
0.001125
0.001125
0.001125
0.001125
0.001125
0.001125
0.001125
0.001125
0.001125
0.001125
0.001125
0.001125
0.001125
0.001125
0.001125
0.001125
0.001125
0.001125
0.001125
0.001125
0.001125
0.001125
0.001125
0.001125
0.001125
0.001125
0.001125
0.001125
0.001125
0.001125
0.001125
0.001125
0.001125
0.001125
0.001125
0.001125
0.001125
0.001125
0.001125
0.001125
0.001125
0.001125
0.001125
0.001125
0.001125
0.001125
0.001125
0.001125
0.001125
0.001125
0.001125
0.001125
0.001125
0.001125
0.001125
0.001125
0.001125
0.001125
0.001125
0.001125
0.001125
0.001125
0.001125
0.001125
0.001125
0.00112498
0.00112494
0.00112484
0.0011248
0.00112486
0.00112495
0.00112499
0.001125
0.001125
0.001125
0.001125
0.001125
0.001125
0.001125
0.001125
0.001125
0.001125
0.001125
0.001125
0.001125
0.001125
0.001125
0.001125
0.001125
0.001125
0.001125
0.001125
0.001125
0.001125
0.001125
0.001125
0.001125
0.001125
0.001125
0.001125
0.001125
0.001125
0.001125
0.001125
0.001125
0.001125
0.001125
0.001125
0.001125
0.001125
0.001125
0.001125
0.001125
0.001125
0.001125
0.001125
0.001125
0.001125
0.001125
0.001125
0.001125
0.001125
0.001125
0.001125
0.001125
0.001125
0.001125
0.001125
0.001125
0.001125
0.001125
0.001125
0.001125
0.001125
0.001125
0.001125
0.001125
0.001125
0.001125
0.001125
0.001125
0.001125
0.001125
0.001125
0.001125
0.001125
0.001125
0.001125
0.001125
0.001125
0.001125
0.001125
0.001125
0.001125
0.001125
0.001125
0.001125
0.001125
0.001125
0.001125
0.001125
0.001125
0.001125
0.001125
0.00112498
0.00112493
0.00112479
0.00112452
0.00112445
0.00112461
0.00112483
0.00112495
0.00112499
0.001125
0.001125
0.001125
0.001125
0.001125
0.001125
0.001125
0.001125
0.001125
0.001125
0.001125
0.001125
0.001125
0.001125
0.001125
0.001125
0.001125
0.001125
0.001125
0.001125
0.001125
0.001125
0.001125
0.001125
0.001125
0.001125
0.001125
0.001125
0.001125
0.001125
0.001125
0.001125
0.001125
0.001125
0.001125
0.001125
0.001125
0.001125
0.001125
0.001125
0.001125
0.001125
0.001125
0.001125
0.001125
0.001125
0.001125
0.001125
0.001125
0.001125
0.001125
0.001125
0.001125
0.001125
0.001125
0.001125
0.001125
0.001125
0.001125
0.001125
0.001125
0.001125
0.001125
0.001125
0.001125
0.001125
0.001125
0.001125
0.001125
0.001125
0.001125
0.001125
0.001125
0.001125
0.001125
0.001125
0.001125
0.001125
0.001125
0.001125
0.001125
0.001125
0.001125
0.001125
0.001125
0.001125
0.001125
0.001125
0.001125
0.00112499
0.00112497
0.00112487
0.00112467
0.00112425
0.00112372
0.0011238
0.00112416
0.00112462
0.00112488
0.00112497
0.001125
0.001125
0.001125
0.001125
0.001125
0.001125
0.001125
0.001125
0.001125
0.001125
0.001125
0.001125
0.001125
0.001125
0.001125
0.001125
0.001125
0.001125
0.001125
0.001125
0.001125
0.001125
0.001125
0.001125
0.001125
0.001125
0.001125
0.001125
0.001125
0.001125
0.001125
0.001125
0.001125
0.001125
0.001125
0.001125
0.001125
0.001125
0.001125
0.001125
0.001125
0.001125
0.001125
0.001125
0.001125
0.001125
0.001125
0.001125
0.001125
0.001125
0.001125
0.001125
0.001125
0.001125
0.001125
0.001125
0.001125
0.001125
0.001125
0.001125
0.001125
0.001125
0.001125
0.001125
0.001125
0.001125
0.001125
0.001125
0.001125
0.001125
0.001125
0.001125
0.001125
0.001125
0.001125
0.001125
0.001125
0.001125
0.001125
0.001125
0.001125
0.001125
0.001125
0.001125
0.001125
0.001125
0.001125
0.00112499
0.00112496
0.00112485
0.00112461
0.00112381
0.00112276
0.00112171
0.00112131
0.00112229
0.00112313
0.00112426
0.00112473
0.00112494
0.00112499
0.001125
0.001125
0.001125
0.001125
0.001125
0.001125
0.001125
0.001125
0.001125
0.001125
0.001125
0.001125
0.001125
0.001125
0.001125
0.001125
0.001125
0.001125
0.001125
0.001125
0.001125
0.001125
0.001125
0.001125
0.001125
0.001125
0.001125
0.001125
0.001125
0.001125
0.001125
0.001125
0.001125
0.001125
0.001125
0.001125
0.001125
0.001125
0.001125
0.001125
0.001125
0.001125
0.001125
0.001125
0.001125
0.001125
0.001125
0.001125
0.001125
0.001125
0.001125
0.001125
0.001125
0.001125
0.001125
0.001125
0.001125
0.001125
0.001125
0.001125
0.001125
0.001125
0.001125
0.001125
0.001125
0.001125
0.001125
0.001125
0.001125
0.001125
0.001125
0.001125
0.001125
0.001125
0.001125
0.001125
0.001125
0.001125
0.001125
0.001125
0.001125
0.001125
0.001125
0.001125
0.00112499
0.00112496
0.00112484
0.00112455
0.00112339
0.00112143
0.00111566
0.00111098
0.00110841
0.00111013
0.00111523
0.00111674
0.00112189
0.00112333
0.0011245
0.00112485
0.00112497
0.00112499
0.001125
0.001125
0.001125
0.001125
0.001125
0.001125
0.001125
0.001125
0.001125
0.001125
0.001125
0.001125
0.001125
0.001125
0.001125
0.001125
0.001125
0.001125
0.001125
0.001125
0.001125
0.001125
0.001125
0.001125
0.001125
0.001125
0.001125
0.001125
0.001125
0.001125
0.001125
0.001125
0.001125
0.001125
0.001125
0.001125
0.001125
0.001125
0.001125
0.001125
0.001125
0.001125
0.001125
0.001125
0.001125
0.001125
0.001125
0.001125
0.001125
0.001125
0.001125
0.001125
0.001125
0.001125
0.001125
0.001125
0.001125
0.001125
0.001125
0.001125
0.001125
0.001125
0.001125
0.001125
0.001125
0.001125
0.001125
0.001125
0.001125
0.001125
0.001125
0.001125
0.001125
0.001125
0.001125
0.001125
0.001125
0.001125
0.001125
0.001125
0.001125
0.00112499
0.00112493
0.00112461
0.0011234
0.0011209
0.00111217
0.00110027
0.00106946
0.00105431
0.0010471
0.00105464
0.00107367
0.00107609
0.00110325
0.00111179
0.00112052
0.00112346
0.00112466
0.00112494
0.00112499
0.001125
0.001125
0.001125
0.001125
0.001125
0.001125
0.001125
0.001125
0.001125
0.001125
0.001125
0.001125
0.001125
0.001125
0.001125
0.001125
0.001125
0.001125
0.001125
0.001125
0.001125
0.001125
0.001125
0.001125
0.001125
0.001125
0.001125
0.001125
0.001125
0.001125
0.001125
0.001125
0.001125
0.001125
0.001125
0.001125
0.001125
0.001125
0.001125
0.001125
0.001125
0.001125
0.001125
0.001125
0.001125
0.001125
0.001125
0.001125
0.001125
0.001125
0.001125
0.001125
0.001125
0.001125
0.001125
0.001125
0.001125
0.001125
0.001125
0.001125
0.001125
0.001125
0.001125
0.001125
0.001125
0.001125
0.001125
0.001125
0.001125
0.001125
0.001125
0.001125
0.001125
0.001125
0.001125
0.001125
0.001125
0.001125
0.001125
0.00112499
0.0011249
0.00112437
0.00112177
0.00111281
0.00109679
0.00104914
0.000999118
0.000886222
0.000854
0.000830439
0.000842159
0.000890032
0.000901987
0.00100772
0.00104723
0.00109481
0.00111301
0.00112204
0.00112445
0.0011249
0.00112498
0.001125
0.001125
0.001125
0.001125
0.001125
0.001125
0.001125
0.001125
0.001125
0.001125
0.001125
0.001125
0.001125
0.001125
0.001125
0.001125
0.001125
0.001125
0.001125
0.001125
0.001125
0.001125
0.001125
0.001125
0.001125
0.001125
0.001125
0.001125
0.001125
0.001125
0.001125
0.001125
0.001125
0.001125
0.001125
0.001125
0.001125
0.001125
0.001125
0.001125
0.001125
0.001125
0.001125
0.001125
0.001125
0.001125
0.001125
0.001125
0.001125
0.001125
0.001125
0.001125
0.001125
0.001125
0.001125
0.001125
0.001125
0.001125
0.001125
0.001125
0.001125
0.001125
0.001125
0.001125
0.001125
0.001125
0.001125
0.001125
0.001125
0.001125
0.001125
0.001125
0.001125
0.001125
0.001125
0.001125
0.001125
0.00112499
0.00112489
0.00112425
0.00112057
0.00110396
0.00105515
0.00098363
0.000807937
0.00067756
0.00043114
0.000381657
0.000321834
0.000320312
0.000391736
0.000445137
0.000687987
0.000801884
0.000976836
0.00105546
0.00110484
0.00112088
0.00112428
0.00112488
0.00112498
0.001125
0.001125
0.001125
0.001125
0.001125
0.001125
0.001125
0.001125
0.001125
0.001125
0.001125
0.001125
0.001125
0.001125
0.001125
0.001125
0.001125
0.001125
0.001125
0.001125
0.001125
0.001125
0.001125
0.001125
0.001125
0.001125
0.001125
0.001125
0.001125
0.001125
0.001125
0.001125
0.001125
0.001125
0.001125
0.001125
0.001125
0.001125
0.001125
0.001125
0.001125
0.001125
0.001125
0.001125
0.001125
0.001125
0.001125
0.001125
0.001125
0.001125
0.001125
0.001125
0.001125
0.001125
0.001125
0.001125
0.001125
0.001125
0.001125
0.001125
0.001125
0.001125
0.001125
0.001125
0.001125
0.001125
0.001125
0.001125
0.001125
0.001125
0.001125
0.001125
0.001125
0.001125
0.001125
0.00112499
0.00112491
0.0011243
0.00112034
0.00109984
0.00102185
0.00083929
0.000637603
0.000257524
7.85713e-05
-0.000119739
-0.000214475
-0.000295273
-0.000309508
-0.000239583
-0.000116806
7.35464e-05
0.000247777
0.000625013
0.000839549
0.00102352
0.0011005
0.00112049
0.0011243
0.0011249
0.00112499
0.001125
0.001125
0.001125
0.001125
0.001125
0.001125
0.001125
0.001125
0.001125
0.001125
0.001125
0.001125
0.001125
0.001125
0.001125
0.001125
0.001125
0.001125
0.001125
0.001125
0.001125
0.001125
0.001125
0.001125
0.001125
0.001125
0.001125
0.001125
0.001125
0.001125
0.001125
0.001125
0.001125
0.001125
0.001125
0.001125
0.001125
0.001125
0.001125
0.001125
0.001125
0.001125
0.001125
0.001125
0.001125
0.001125
0.001125
0.001125
0.001125
0.001125
0.001125
0.001125
0.001125
0.001125
0.001125
0.001125
0.001125
0.001125
0.001125
0.001125
0.001125
0.001125
0.001125
0.001125
0.001125
0.001125
0.001125
0.001125
0.001125
0.001125
0.001125
0.001125
0.001125
0.00112499
0.00112494
0.00112445
0.00112086
0.00110043
0.00101415
0.000766055
0.000356205
4.76138e-05
-0.000273634
-0.000475975
-0.000708963
-0.000763057
-0.000819512
-0.000838749
-0.00080519
-0.000715056
-0.000478451
-0.000278779
4.2192e-05
0.000360107
0.00076825
0.0010149
0.00110102
0.00112108
0.00112449
0.00112494
0.00112499
0.001125
0.001125
0.001125
0.001125
0.001125
0.001125
0.001125
0.001125
0.001125
0.001125
0.001125
0.001125
0.001125
0.001125
0.001125
0.001125
0.001125
0.001125
0.001125
0.001125
0.001125
0.001125
0.001125
0.001125
0.001125
0.001125
0.001125
0.001125
0.001125
0.001125
0.001125
0.001125
0.001125
0.001125
0.001125
0.001125
0.001125
0.001125
0.001125
0.001125
0.001125
0.001125
0.001125
0.001125
0.001125
0.001125
0.001125
0.001125
0.001125
0.001125
0.001125
0.001125
0.001125
0.001125
0.001125
0.001125
0.001125
0.001125
0.001125
0.001125
0.001125
0.001125
0.001125
0.001125
0.001125
0.001125
0.001125
0.001125
0.001125
0.001125
0.001125
0.001125
0.00112497
0.00112465
0.00112196
0.00110472
0.00102394
0.000769457
0.000305872
-7.68224e-05
-0.000415068
-0.000791869
-0.000921606
-0.00101291
-0.0010265
-0.0010476
-0.00105682
-0.00104772
-0.00101727
-0.000922274
-0.000789242
-0.000410641
-6.22336e-05
0.000310989
0.000771387
0.0010264
0.00110593
0.00112229
0.0011247
0.00112497
0.001125
0.001125
0.001125
0.001125
0.001125
0.001125
0.001125
0.001125
0.001125
0.001125
0.001125
0.001125
0.001125
0.001125
0.001125
0.001125
0.001125
0.001125
0.001125
0.001125
0.001125
0.001125
0.001125
0.001125
0.001125
0.001125
0.001125
0.001125
0.001125
0.001125
0.001125
0.001125
0.001125
0.001125
0.001125
0.001125
0.001125
0.001125
0.001125
0.001125
0.001125
0.001125
0.001125
0.001125
0.001125
0.001125
0.001125
0.001125
0.001125
0.001125
0.001125
0.001125
0.001125
0.001125
0.001125
0.001125
0.001125
0.001125
0.001125
0.001125
0.001125
0.001125
0.001125
0.001125
0.001125
0.001125
0.001125
0.001125
0.001125
0.001125
0.001125
0.00112499
0.00112484
0.00112346
0.00111314
0.00105661
0.000844037
0.000366806
-6.13427e-05
-0.000574268
-0.000862426
-0.00103608
-0.00108145
-0.00110306
-0.00110574
-0.00111081
-0.00111316
-0.0011115
-0.0011048
-0.00108173
-0.00103366
-0.00085943
-0.000570396
-6.1059e-05
0.000365438
0.000847615
0.0010592
0.00111398
0.00112363
0.00112487
0.00112499
0.001125
0.001125
0.001125
0.001125
0.001125
0.001125
0.001125
0.001125
0.001125
0.001125
0.001125
0.001125
0.001125
0.001125
0.001125
0.001125
0.001125
0.001125
0.001125
0.001125
0.001125
0.001125
0.001125
0.001125
0.001125
0.001125
0.001125
0.001125
0.001125
0.001125
0.001125
0.001125
0.001125
0.001125
0.001125
0.001125
0.001125
0.001125
0.001125
0.001125
0.001125
0.001125
0.001125
0.001125
0.001125
0.001125
0.001125
0.001125
0.001125
0.001125
0.001125
0.001125
0.001125
0.001125
0.001125
0.001125
0.001125
0.001125
0.001125
0.001125
0.001125
0.001125
0.001125
0.001125
0.001125
0.001125
0.001125
0.001125
0.001125
0.001125
0.00112496
0.00112456
0.00112096
0.00109719
0.000985645
0.000643998
5.70352e-05
-0.000411173
-0.00086368
-0.00104674
-0.00110399
-0.00111575
-0.00112033
-0.00112121
-0.0011225
-0.00112323
-0.00112297
-0.00112119
-0.00111609
-0.00110402
-0.00104637
-0.000865831
-0.00042004
4.29402e-05
0.00064148
0.000987029
0.0010979
0.00112112
0.00112458
0.00112495
0.00112498
0.00112499
0.001125
0.001125
0.001125
0.001125
0.001125
0.001125
0.001125
0.001125
0.001125
0.001125
0.001125
0.001125
0.001125
0.001125
0.001125
0.001125
0.001125
0.001125
0.001125
0.001125
0.001125
0.001125
0.001125
0.001125
0.001125
0.001125
0.001125
0.001125
0.001125
0.001125
0.001125
0.001125
0.001125
0.001125
0.001125
0.001125
0.001125
0.001125
0.001125
0.001125
0.001125
0.001125
0.001125
0.001125
0.001125
0.001125
0.001125
0.001125
0.001125
0.001125
0.001125
0.001125
0.001125
0.001125
0.001125
0.001125
0.001125
0.001125
0.001125
0.001125
0.001125
0.001125
0.001125
0.001125
0.001125
0.001125
0.001125
0.00112499
0.00112484
0.00112338
0.00111215
0.0010494
0.000810559
0.000268147
-0.000254948
-0.000781495
-0.00103402
-0.00110406
-0.00111877
-0.00112137
-0.00112234
-0.00112324
-0.00112413
-0.00112459
-0.00112454
-0.00112388
-0.00112241
-0.00111989
-0.00110509
-0.00103202
-0.000772419
-0.000235905
0.000296623
0.000830646
0.00105665
0.00111378
0.00112363
0.00112479
0.0011249
0.00112496
0.00112499
0.001125
0.001125
0.001125
0.001125
0.001125
0.001125
0.001125
0.001125
0.001125
0.001125
0.001125
0.001125
0.001125
0.001125
0.001125
0.001125
0.001125
0.001125
0.001125
0.001125
0.001125
0.001125
0.001125
0.001125
0.001125
0.001125
0.001125
0.001125
0.001125
0.001125
0.001125
0.001125
0.001125
0.001125
0.001125
0.001125
0.001125
0.001125
0.001125
0.001125
0.001125
0.001125
0.001125
0.001125
0.001125
0.001125
0.001125
0.001125
0.001125
0.001125
0.001125
0.001125
0.001125
0.001125
0.001125
0.001125
0.001125
0.001125
0.001125
0.001125
0.001125
0.001125
0.001125
0.001125
0.001125
0.001125
0.00112497
0.00112462
0.0011215
0.00110074
0.00100138
0.000684412
8.99809e-05
-0.000464109
-0.000915818
-0.00108146
-0.00111697
-0.00112176
-0.00112228
-0.0011229
-0.00112337
-0.001124
-0.00112449
-0.00112477
-0.00112461
-0.0011241
-0.00112347
-0.00111819
-0.00108143
-0.00091505
-0.000461023
8.44909e-05
0.000696079
0.00101106
0.0011041
0.00112211
0.00112437
0.00112467
0.00112485
0.00112495
0.00112499
0.001125
0.001125
0.001125
0.001125
0.001125
0.001125
0.001125
0.001125
0.001125
0.001125
0.001125
0.001125
0.001125
0.001125
0.001125
0.001125
0.001125
0.001125
0.001125
0.001125
0.001125
0.001125
0.001125
0.001125
0.001125
0.001125
0.001125
0.001125
0.001125
0.001125
0.001125
0.001125
0.001125
0.001125
0.001125
0.001125
0.001125
0.001125
0.001125
0.001125
0.001125
0.001125
0.001125
0.001125
0.001125
0.001125
0.001125
0.001125
0.001125
0.001125
0.001125
0.001125
0.001125
0.001125
0.001125
0.001125
0.001125
0.001125
0.001125
0.001125
0.001125
0.001125
0.001125
0.001125
0.00112498
0.00112487
0.0011238
0.00111564
0.00106934
0.00088573
0.00043024
-0.000119344
-0.000708321
-0.00101256
-0.00110384
-0.00112164
-0.00112344
-0.00112324
-0.00112297
-0.00112304
-0.00112332
-0.00112399
-0.00112457
-0.00112457
-0.00112475
-0.00112443
-0.00112222
-0.00110528
-0.00101713
-0.000713956
-0.000115093
0.000450361
0.000905232
0.0010773
0.0011172
0.00112329
0.00112421
0.00112462
0.00112486
0.00112496
0.00112499
0.001125
0.001125
0.001125
0.001125
0.001125
0.001125
0.001125
0.001125
0.001125
0.001125
0.001125
0.001125
0.001125
0.001125
0.001125
0.001125
0.001125
0.001125
0.001125
0.001125
0.001125
0.001125
0.001125
0.001125
0.001125
0.001125
0.001125
0.001125
0.001125
0.001125
0.001125
0.001125
0.001125
0.001125
0.001125
0.001125
0.001125
0.001125
0.001125
0.001125
0.001125
0.001125
0.001125
0.001125
0.001125
0.001125
0.001125
0.001125
0.001125
0.001125
0.001125
0.001125
0.001125
0.001125
0.001125
0.001125
0.001125
0.001125
0.001125
0.001125
0.001125
0.001125
0.00112498
0.00112493
0.00112466
0.00112281
0.00111135
0.00105576
0.000857517
0.000386207
-0.000209875
-0.000763033
-0.0010277
-0.00110618
-0.00112224
-0.00112441
-0.00112401
-0.00112327
-0.00112335
-0.00112322
-0.00112356
-0.00112428
-0.00112405
-0.00112438
-0.00112465
-0.00112285
-0.00111014
-0.00104162
-0.000788135
-0.00021405
0.000413179
0.000898902
0.0010769
0.00111624
0.00112248
0.00112377
0.00112441
0.00112477
0.00112493
0.00112499
0.001125
0.001125
0.001125
0.001125
0.001125
0.001125
0.001125
0.001125
0.001125
0.001125
0.001125
0.001125
0.001125
0.001125
0.001125
0.001125
0.001125
0.001125
0.001125
0.001125
0.001125
0.001125
0.001125
0.001125
0.001125
0.001125
0.001125
0.001125
0.001125
0.001125
0.001125
0.001125
0.001125
0.001125
0.001125
0.001125
0.001125
0.001125
0.001125
0.001125
0.001125
0.001125
0.001125
0.001125
0.001125
0.001125
0.001125
0.001125
0.001125
0.001125
0.001125
0.001125
0.001125
0.001125
0.001125
0.001125
0.001125
0.001125
0.001125
0.001125
0.001125
0.00112498
0.00112493
0.00112476
0.00112422
0.00112184
0.0011094
0.00105034
0.000835437
0.000320961
-0.000302886
-0.000829176
-0.00105225
-0.00111196
-0.00112318
-0.00112477
-0.0011245
-0.00112372
-0.00112302
-0.00112298
-0.00112416
-0.00112369
-0.00112342
-0.00112389
-0.00112455
-0.00112287
-0.00111105
-0.00104845
-0.000816612
-0.000277376
0.000346132
0.000854968
0.0010592
0.00111142
0.0011215
0.0011236
0.00112439
0.00112478
0.00112494
0.00112499
0.001125
0.001125
0.001125
0.001125
0.001125
0.001125
0.001125
0.001125
0.001125
0.001125
0.001125
0.001125
0.001125
0.001125
0.001125
0.001125
0.001125
0.001125
0.001125
0.001125
0.001125
0.001125
0.001125
0.001125
0.001125
0.001125
0.001125
0.001125
0.001125
0.001125
0.001125
0.001125
0.001125
0.001125
0.001125
0.001125
0.001125
0.001125
0.001125
0.001125
0.001125
0.001125
0.001125
0.001125
0.001125
0.001125
0.001125
0.001125
0.001125
0.001125
0.001125
0.001125
0.001125
0.001125
0.001125
0.001125
0.001125
0.001125
0.001125
0.001125
0.00112499
0.00112495
0.00112482
0.00112446
0.00112363
0.00112126
0.00111051
0.00105653
0.000846396
0.000323182
-0.000311087
-0.000842068
-0.00105846
-0.00111364
-0.00112348
-0.00112477
-0.00112477
-0.00112454
-0.00112401
-0.00112428
-0.00112342
-0.00112318
-0.00112321
-0.00112379
-0.00112445
-0.00112241
-0.00110827
-0.00103853
-0.000796924
-0.000266558
0.000342609
0.000838684
0.00104917
0.0011085
0.00112145
0.00112406
0.0011247
0.00112491
0.00112498
0.00112499
0.001125
0.001125
0.001125
0.001125
0.001125
0.001125
0.001125
0.001125
0.001125
0.001125
0.001125
0.001125
0.001125
0.001125
0.001125
0.001125
0.001125
0.001125
0.001125
0.001125
0.001125
0.001125
0.001125
0.001125
0.001125
0.001125
0.001125
0.001125
0.001125
0.001125
0.001125
0.001125
0.001125
0.001125
0.001125
0.001125
0.001125
0.001125
0.001125
0.001125
0.001125
0.001125
0.001125
0.001125
0.001125
0.001125
0.001125
0.001125
0.001125
0.001125
0.001125
0.001125
0.001125
0.001125
0.001125
0.001125
0.001125
0.001125
0.001125
0.001125
0.00112499
0.00112494
0.00112479
0.00112442
0.00112374
0.00112225
0.00111534
0.00107405
0.000890354
0.000390711
-0.000243777
-0.000808318
-0.00104885
-0.00111184
-0.00112327
-0.0011246
-0.00112425
-0.00112391
-0.00112403
-0.00112348
-0.00112351
-0.00112333
-0.00112367
-0.00112393
-0.00112403
-0.0011216
-0.00110366
-0.00101957
-0.000746429
-0.000191512
0.000402803
0.000863185
0.00105589
0.00111079
0.00112255
0.00112458
0.0011249
0.00112497
0.00112499
0.001125
0.001125
0.001125
0.001125
0.001125
0.001125
0.001125
0.001125
0.001125
0.001125
0.001125
0.001125
0.001125
0.001125
0.001125
0.001125
0.001125
0.001125
0.001125
0.001125
0.001125
0.001125
0.001125
0.001125
0.001125
0.001125
0.001125
0.001125
0.001125
0.001125
0.001125
0.001125
0.001125
0.001125
0.001125
0.001125
0.001125
0.001125
0.001125
0.001125
0.001125
0.001125
0.001125
0.001125
0.001125
0.001125
0.001125
0.001125
0.001125
0.001125
0.001125
0.001125
0.001125
0.001125
0.001125
0.001125
0.001125
0.001125
0.001125
0.001125
0.001125
0.00112499
0.00112496
0.00112485
0.0011246
0.00112413
0.00112309
0.00111649
0.00107444
0.000895849
0.000430996
-0.000136642
-0.000727196
-0.00102125
-0.00110593
-0.00112237
-0.0011243
-0.00112376
-0.00112345
-0.00112345
-0.00112363
-0.00112371
-0.00112368
-0.0011228
-0.00112233
-0.00112256
-0.00112106
-0.00110298
-0.00100758
-0.000692172
-9.03198e-05
0.000455712
0.0008982
0.00107283
0.00111623
0.00112385
0.00112486
0.00112497
0.00112499
0.001125
0.001125
0.001125
0.001125
0.001125
0.001125
0.001125
0.001125
0.001125
0.001125
0.001125
0.001125
0.001125
0.001125
0.001125
0.001125
0.001125
0.001125
0.001125
0.001125
0.001125
0.001125
0.001125
0.001125
0.001125
0.001125
0.001125
0.001125
0.001125
0.001125
0.001125
0.001125
0.001125
0.001125
0.001125
0.001125
0.001125
0.001125
0.001125
0.001125
0.001125
0.001125
0.001125
0.001125
0.001125
0.001125
0.001125
0.001125
0.001125
0.001125
0.001125
0.001125
0.001125
0.001125
0.001125
0.001125
0.001125
0.001125
0.001125
0.001125
0.001125
0.001125
0.001125
0.00112499
0.00112494
0.00112483
0.00112461
0.00112425
0.0011218
0.00110249
0.00100406
0.000677054
5.80176e-05
-0.000482049
-0.000922661
-0.00108242
-0.00111816
-0.00112409
-0.00112402
-0.00112346
-0.00112343
-0.00112382
-0.00112405
-0.00112295
-0.00112155
-0.00112102
-0.00112046
-0.0011159
-0.00108093
-0.000911902
-0.000451128
0.00011273
0.000703283
0.00100892
0.00110256
0.0011218
0.00112465
0.00112497
0.00112499
0.001125
0.001125
0.001125
0.001125
0.001125
0.001125
0.001125
0.001125
0.001125
0.001125
0.001125
0.001125
0.001125
0.001125
0.001125
0.001125
0.001125
0.001125
0.001125
0.001125
0.001125
0.001125
0.001125
0.001125
0.001125
0.001125
0.001125
0.001125
0.001125
0.001125
0.001125
0.001125
0.001125
0.001125
0.001125
0.001125
0.001125
0.001125
0.001125
0.001125
0.001125
0.001125
0.001125
0.001125
0.001125
0.001125
0.001125
0.001125
0.001125
0.001125
0.001125
0.001125
0.001125
0.001125
0.001125
0.001125
0.001125
0.001125
0.001125
0.001125
0.001125
0.001125
0.001125
0.001125
0.001125
0.00112499
0.00112495
0.00112488
0.00112475
0.00112348
0.00111279
0.00105174
0.000814658
0.000267077
-0.000261876
-0.000787642
-0.0010356
-0.00110621
-0.00112152
-0.00112401
-0.00112401
-0.00112397
-0.00112441
-0.00112392
-0.00112265
-0.00112101
-0.00111995
-0.00111741
-0.00110224
-0.00103141
-0.000776854
-0.000245714
0.000280672
0.000818907
0.00105223
0.00111275
0.00112347
0.00112485
0.00112499
0.001125
0.001125
0.001125
0.001125
0.001125
0.001125
0.001125
0.001125
0.001125
0.001125
0.001125
0.001125
0.001125
0.001125
0.001125
0.001125
0.001125
0.001125
0.001125
0.001125
0.001125
0.001125
0.001125
0.001125
0.001125
0.001125
0.001125
0.001125
0.001125
0.001125
0.001125
0.001125
0.001125
0.001125
0.001125
0.001125
0.001125
0.001125
0.001125
0.001125
0.001125
0.001125
0.001125
0.001125
0.001125
0.001125
0.001125
0.001125
0.001125
0.001125
0.001125
0.001125
0.001125
0.001125
0.001125
0.001125
0.001125
0.001125
0.001125
0.001125
0.001125
0.001125
0.001125
0.001125
0.001125
0.001125
0.001125
0.00112499
0.00112497
0.00112494
0.00112451
0.00112064
0.00109559
0.000979763
0.000629447
3.75793e-05
-0.000428183
-0.000870375
-0.0010506
-0.00110682
-0.00111849
-0.00112223
-0.00112306
-0.00112305
-0.00112242
-0.00112119
-0.00111987
-0.00111486
-0.00110168
-0.00104149
-0.000853408
-0.000396989
7.49426e-05
0.000656473
0.000990159
0.00109818
0.0011211
0.00112457
0.00112496
0.001125
0.001125
0.001125
0.001125
0.001125
0.001125
0.001125
0.001125
0.001125
0.001125
0.001125
0.001125
0.001125
0.001125
0.001125
0.001125
0.001125
0.001125
0.001125
0.001125
0.001125
0.001125
0.001125
0.001125
0.001125
0.001125
0.001125
0.001125
0.001125
0.001125
0.001125
0.001125
0.001125
0.001125
0.001125
0.001125
0.001125
0.001125
0.001125
0.001125
0.001125
0.001125
0.001125
0.001125
0.001125
0.001125
0.001125
0.001125
0.001125
0.001125
0.001125
0.001125
0.001125
0.001125
0.001125
0.001125
0.001125
0.001125
0.001125
0.001125
0.001125
0.001125
0.001125
0.001125
0.001125
0.001125
0.001125
0.001125
0.001125
0.001125
0.00112499
0.00112484
0.00112342
0.00111275
0.00105405
0.000833911
0.000345636
-7.90341e-05
-0.000580212
-0.000869987
-0.00103558
-0.00108214
-0.00110517
-0.00111057
-0.00111216
-0.00110954
-0.00110426
-0.00110234
-0.00108015
-0.00103007
-0.000847584
-0.00054997
-5.0366e-05
0.000383171
0.000853084
0.00105939
0.00111369
0.00112353
0.00112485
0.00112499
0.001125
0.001125
0.001125
0.001125
0.001125
0.001125
0.001125
0.001125
0.001125
0.001125
0.001125
0.001125
0.001125
0.001125
0.001125
0.001125
0.001125
0.001125
0.001125
0.001125
0.001125
0.001125
0.001125
0.001125
0.001125
0.001125
0.001125
0.001125
0.001125
0.001125
0.001125
0.001125
0.001125
0.001125
0.001125
0.001125
0.001125
0.001125
0.001125
0.001125
0.001125
0.001125
0.001125
0.001125
0.001125
0.001125
0.001125
0.001125
0.001125
0.001125
0.001125
0.001125
0.001125
0.001125
0.001125
0.001125
0.001125
0.001125
0.001125
0.001125
0.001125
0.001125
0.001125
0.001125
0.001125
0.001125
0.001125
0.001125
0.001125
0.001125
0.001125
0.00112497
0.00112465
0.00112194
0.00110425
0.00102092
0.000761063
0.000301976
-6.46791e-05
-0.000421608
-0.000782305
-0.000917873
-0.00101664
-0.00104354
-0.00105293
-0.00104359
-0.00102173
-0.0010075
-0.000914863
-0.000779513
-0.000394008
-4.81085e-05
0.000323939
0.000777857
0.00102687
0.00110533
0.001122
0.00112463
0.00112496
0.001125
0.001125
0.001125
0.001125
0.001125
0.001125
0.001125
0.001125
0.001125
0.001125
0.001125
0.001125
0.001125
0.001125
0.001125
0.001125
0.001125
0.001125
0.001125
0.001125
0.001125
0.001125
0.001125
0.001125
0.001125
0.001125
0.001125
0.001125
0.001125
0.001125
0.001125
0.001125
0.001125
0.001125
0.001125
0.001125
0.001125
0.001125
0.001125
0.001125
0.001125
0.001125
0.001125
0.001125
0.001125
0.001125
0.001125
0.001125
0.001125
0.001125
0.001125
0.001125
0.001125
0.001125
0.001125
0.001125
0.001125
0.001125
0.001125
0.001125
0.001125
0.001125
0.001125
0.001125
0.001125
0.001125
0.001125
0.001125
0.001125
0.001125
0.001125
0.001125
0.00112499
0.00112494
0.00112442
0.00112073
0.0010998
0.0010125
0.000766381
0.000359949
4.16632e-05
-0.000256643
-0.000466738
-0.00071222
-0.000793095
-0.000827469
-0.00080853
-0.000751354
-0.000694324
-0.000458757
-0.000260099
6.16912e-05
0.000380472
0.000777332
0.00101629
0.00110035
0.00112047
0.00112424
0.00112488
0.00112498
0.001125
0.001125
0.001125
0.001125
0.001125
0.001125
0.001125
0.001125
0.001125
0.001125
0.001125
0.001125
0.001125
0.001125
0.001125
0.001125
0.001125
0.001125
0.001125
0.001125
0.001125
0.001125
0.001125
0.001125
0.001125
0.001125
0.001125
0.001125
0.001125
0.001125
0.001125
0.001125
0.001125
0.001125
0.001125
0.001125
0.001125
0.001125
0.001125
0.001125
0.001125
0.001125
0.001125
0.001125
0.001125
0.001125
0.001125
0.001125
0.001125
0.001125
0.001125
0.001125
0.001125
0.001125
0.001125
0.001125
0.001125
0.001125
0.001125
0.001125
0.001125
0.001125
0.001125
0.001125
0.001125
0.001125
0.001125
0.001125
0.001125
0.001125
0.001125
0.001125
0.001125
0.00112499
0.0011249
0.00112427
0.00112042
0.00110059
0.00102442
0.000842631
0.000632914
0.000270443
8.43657e-05
-0.000111231
-0.000220578
-0.000290318
-0.000278528
-0.000198269
-9.67014e-05
0.000104848
0.000272179
0.000644487
0.000850109
0.00102619
0.00110022
0.00111973
0.00112384
0.00112474
0.00112495
0.00112499
0.001125
0.001125
0.001125
0.001125
0.001125
0.001125
0.001125
0.001125
0.001125
0.001125
0.001125
0.001125
0.001125
0.001125
0.001125
0.001125
0.001125
0.001125
0.001125
0.001125
0.001125
0.001125
0.001125
0.001125
0.001125
0.001125
0.001125
0.001125
0.001125
0.001125
0.001125
0.001125
0.001125
0.001125
0.001125
0.001125
0.001125
0.001125
0.001125
0.001125
0.001125
0.001125
0.001125
0.001125
0.001125
0.001125
0.001125
0.001125
0.001125
0.001125
0.001125
0.001125
0.001125
0.001125
0.001125
0.001125
0.001125
0.001125
0.001125
0.001125
0.001125
0.001125
0.001125
0.001125
0.001125
0.001125
0.001125
0.001125
0.001125
0.001125
0.001125
0.001125
0.001125
0.001125
0.00112498
0.00112489
0.00112432
0.00112108
0.00110547
0.00105723
0.000981644
0.000814213
0.000696327
0.000453152
0.000408354
0.00033859
0.000336946
0.000396474
0.000449015
0.000695197
0.000814723
0.000985399
0.00105816
0.00110505
0.00112043
0.00112384
0.00112467
0.00112492
0.00112499
0.001125
0.001125
0.001125
0.001125
0.001125
0.001125
0.001125
0.001125
0.001125
0.001125
0.001125
0.001125
0.001125
0.001125
0.001125
0.001125
0.001125
0.001125
0.001125
0.001125
0.001125
0.001125
0.001125
0.001125
0.001125
0.001125
0.001125
0.001125
0.001125
0.001125
0.001125
0.001125
0.001125
0.001125
0.001125
0.001125
0.001125
0.001125
0.001125
0.001125
0.001125
0.001125
0.001125
0.001125
0.001125
0.001125
0.001125
0.001125
0.001125
0.001125
0.001125
0.001125
0.001125
0.001125
0.001125
0.001125
0.001125
0.001125
0.001125
0.001125
0.001125
0.001125
0.001125
0.001125
0.001125
0.001125
0.001125
0.001125
0.001125
0.001125
0.001125
0.001125
0.001125
0.001125
0.001125
0.001125
0.00112498
0.00112491
0.00112451
0.00112222
0.00111353
0.00109627
0.00105108
0.00101104
0.000906729
0.000897504
0.0008541
0.000840152
0.000860388
0.000894179
0.00100508
0.0010509
0.001097
0.00111338
0.00112193
0.00112424
0.00112474
0.00112492
0.00112498
0.001125
0.001125
0.001125
0.001125
0.001125
0.001125
0.001125
0.001125
0.001125
0.001125
0.001125
0.001125
0.001125
0.001125
0.001125
0.001125
0.001125
0.001125
0.001125
0.001125
0.001125
0.001125
0.001125
0.001125
0.001125
0.001125
0.001125
0.001125
0.001125
0.001125
0.001125
0.001125
0.001125
0.001125
0.001125
0.001125
0.001125
0.001125
0.001125
0.001125
0.001125
0.001125
0.001125
0.001125
0.001125
0.001125
0.001125
0.001125
0.001125
0.001125
0.001125
0.001125
0.001125
0.001125
0.001125
0.001125
0.001125
0.001125
0.001125
0.001125
0.001125
0.001125
0.001125
0.001125
0.001125
0.001125
0.001125
0.001125
0.001125
0.001125
0.001125
0.001125
0.001125
0.001125
0.001125
0.001125
0.001125
0.001125
0.00112499
0.00112495
0.0011247
0.00112356
0.00112081
0.00111258
0.00110407
0.00107778
0.00107671
0.00105982
0.00105119
0.00105512
0.00107149
0.0011015
0.00111247
0.0011209
0.00112348
0.00112462
0.00112488
0.00112495
0.00112499
0.001125
0.001125
0.001125
0.001125
0.001125
0.001125
0.001125
0.001125
0.001125
0.001125
0.001125
0.001125
0.001125
0.001125
0.001125
0.001125
0.001125
0.001125
0.001125
0.001125
0.001125
0.001125
0.001125
0.001125
0.001125
0.001125
0.001125
0.001125
0.001125
0.001125
0.001125
0.001125
0.001125
0.001125
0.001125
0.001125
0.001125
0.001125
0.001125
0.001125
0.001125
0.001125
0.001125
0.001125
0.001125
0.001125
0.001125
0.001125
0.001125
0.001125
0.001125
0.001125
0.001125
0.001125
0.001125
0.001125
0.001125
0.001125
0.001125
0.001125
0.001125
0.001125
0.001125
0.001125
0.001125
0.001125
0.001125
0.001125
0.001125
0.001125
0.001125
0.001125
0.001125
0.001125
0.001125
0.001125
0.001125
0.001125
0.001125
0.001125
0.001125
0.00112497
0.00112486
0.00112454
0.00112345
0.00112209
0.00111726
0.00111622
0.00111178
0.0011095
0.00111065
0.00111595
0.0011216
0.00112343
0.00112454
0.00112484
0.00112496
0.00112498
0.00112499
0.001125
0.001125
0.001125
0.001125
0.001125
0.001125
0.001125
0.001125
0.001125
0.001125
0.001125
0.001125
0.001125
0.001125
0.001125
0.001125
0.001125
0.001125
0.001125
0.001125
0.001125
0.001125
0.001125
0.001125
0.001125
0.001125
0.001125
0.001125
0.001125
0.001125
0.001125
0.001125
0.001125
0.001125
0.001125
0.001125
0.001125
0.001125
0.001125
0.001125
0.001125
0.001125
0.001125
0.001125
0.001125
0.001125
0.001125
0.001125
0.001125
0.001125
0.001125
0.001125
0.001125
0.001125
0.001125
0.001125
0.001125
0.001125
0.001125
0.001125
0.001125
0.001125
0.001125
0.001125
0.001125
0.001125
0.001125
0.001125
0.001125
0.001125
0.001125
0.001125
0.001125
0.001125
0.001125
0.001125
0.001125
0.001125
0.001125
0.001125
0.001125
0.001125
0.001125
0.00112499
0.00112495
0.00112477
0.00112434
0.00112327
0.00112249
0.00112164
0.00112182
0.00112256
0.00112381
0.00112462
0.00112485
0.00112496
0.00112499
0.001125
0.001125
0.001125
0.001125
0.001125
0.001125
0.001125
0.001125
0.001125
0.001125
0.001125
0.001125
0.001125
0.001125
0.001125
0.001125
0.001125
0.001125
0.001125
0.001125
0.001125
0.001125
0.001125
0.001125
0.001125
0.001125
0.001125
0.001125
0.001125
0.001125
0.001125
0.001125
0.001125
0.001125
0.001125
0.001125
0.001125
0.001125
0.001125
0.001125
0.001125
0.001125
0.001125
0.001125
0.001125
0.001125
0.001125
0.001125
0.001125
0.001125
0.001125
0.001125
0.001125
0.001125
0.001125
0.001125
0.001125
0.001125
0.001125
0.001125
0.001125
0.001125
0.001125
0.001125
0.001125
0.001125
0.001125
0.001125
0.001125
0.001125
0.001125
0.001125
0.001125
0.001125
0.001125
0.001125
0.001125
0.001125
0.001125
0.001125
0.001125
0.001125
0.001125
0.001125
0.001125
0.001125
0.001125
0.00112498
0.0011249
0.00112465
0.00112419
0.00112378
0.00112368
0.00112418
0.0011246
0.00112486
0.00112496
0.00112499
0.001125
0.001125
0.001125
0.001125
0.001125
0.001125
0.001125
0.001125
0.001125
0.001125
0.001125
0.001125
0.001125
0.001125
0.001125
0.001125
0.001125
0.001125
0.001125
0.001125
0.001125
0.001125
0.001125
0.001125
0.001125
0.001125
0.001125
0.001125
0.001125
0.001125
0.001125
0.001125
0.001125
0.001125
0.001125
0.001125
0.001125
0.001125
0.001125
0.001125
0.001125
0.001125
0.001125
0.001125
0.001125
0.001125
0.001125
0.001125
0.001125
0.001125
0.001125
0.001125
0.001125
0.001125
0.001125
0.001125
0.001125
0.001125
0.001125
0.001125
0.001125
0.001125
0.001125
0.001125
0.001125
0.001125
0.001125
0.001125
0.001125
0.001125
0.001125
0.001125
0.001125
0.001125
0.001125
0.001125
0.001125
0.001125
0.001125
0.001125
0.001125
0.001125
0.001125
0.001125
0.001125
0.001125
0.001125
0.001125
0.001125
0.00112499
0.00112496
0.00112484
0.00112461
0.00112441
0.00112445
0.00112474
0.00112491
0.00112498
0.001125
0.001125
0.001125
0.001125
0.001125
0.001125
0.001125
0.001125
0.001125
0.001125
0.001125
0.001125
0.001125
0.001125
0.001125
0.001125
0.001125
0.001125
0.001125
0.001125
0.001125
0.001125
0.001125
0.001125
0.001125
0.001125
0.001125
0.001125
0.001125
0.001125
0.001125
0.001125
0.001125
0.001125
0.001125
0.001125
0.001125
0.001125
0.001125
0.001125
0.001125
0.001125
0.001125
0.001125
0.001125
0.001125
0.001125
0.001125
0.001125
0.001125
0.001125
0.001125
0.001125
0.001125
0.001125
0.001125
0.001125
0.001125
0.001125
0.001125
0.001125
0.001125
0.001125
0.001125
0.001125
0.001125
0.001125
0.001125
0.001125
0.001125
0.001125
0.001125
0.001125
0.001125
0.001125
0.001125
0.001125
0.001125
0.001125
0.001125
0.001125
0.001125
0.001125
0.001125
0.001125
0.001125
0.001125
0.001125
0.001125
0.001125
0.001125
0.001125
0.00112499
0.00112495
0.00112486
0.00112478
0.0011248
0.00112492
0.00112498
0.00112499
0.001125
0.001125
0.001125
0.001125
0.001125
0.001125
0.001125
0.001125
0.001125
0.001125
0.001125
0.001125
0.001125
0.001125
0.001125
0.001125
0.001125
0.001125
0.001125
0.001125
0.001125
0.001125
0.001125
0.001125
0.001125
0.001125
0.001125
0.001125
0.001125
0.001125
0.001125
0.001125
0.001125
0.001125
0.001125
0.001125
0.001125
0.001125
0.001125
0.001125
0.001125
0.001125
0.001125
0.001125
0.001125
0.001125
0.001125
0.001125
0.001125
0.001125
0.001125
0.001125
0.001125
0.001125
0.001125
0.001125
0.001125
0.001125
0.001125
0.001125
0.001125
0.001125
0.001125
0.001125
0.001125
0.001125
0.001125
0.001125
0.001125
0.001125
0.001125
0.001125
0.001125
0.001125
0.001125
0.001125
0.001125
0.001125
0.001125
0.001125
0.001125
0.001125
0.001125
0.001125
0.001125
0.001125
0.001125
0.001125
0.001125
0.001125
0.001125
0.001125
0.001125
0.00112499
0.00112496
0.00112494
0.00112494
0.00112498
0.00112499
0.001125
0.001125
0.001125
0.001125
0.001125
0.001125
0.001125
0.001125
0.001125
0.001125
0.001125
0.001125
0.001125
0.001125
0.001125
0.001125
0.001125
0.001125
0.001125
0.001125
0.001125
0.001125
0.001125
0.001125
0.001125
0.001125
0.001125
0.001125
0.001125
0.001125
0.001125
0.001125
0.001125
0.001125
0.001125
0.001125
0.001125
0.001125
0.001125
0.001125
0.001125
0.001125
0.001125
0.001125
0.001125
0.001125
0.001125
0.001125
0.001125
0.001125
0.001125
0.001125
0.001125
0.001125
0.001125
0.001125
0.001125
0.001125
0.001125
0.001125
0.001125
0.001125
0.001125
0.001125
0.001125
0.001125
0.001125
0.001125
0.001125
0.001125
0.001125
0.001125
0.001125
0.001125
0.001125
0.001125
0.001125
0.001125
0.001125
0.001125
0.001125
0.001125
0.001125
0.001125
0.001125
0.001125
0.001125
0.001125
0.001125
0.001125
0.001125
0.001125
0.001125
0.001125
0.001125
0.00112499
0.00112499
0.00112499
0.001125
0.001125
0.001125
0.001125
0.001125
0.001125
0.001125
0.001125
0.001125
0.001125
0.001125
0.001125
0.001125
0.001125
0.001125
0.001125
0.001125
0.001125
0.001125
0.001125
0.001125
0.001125
0.001125
0.001125
0.001125
0.001125
0.001125
0.001125
0.001125
0.001125
0.001125
0.001125
0.001125
0.001125
0.001125
0.001125
0.001125
0.001125
0.001125
0.001125
0.001125
0.001125
0.001125
0.001125
0.001125
0.001125
0.001125
0.001125
0.001125
0.001125
0.001125
0.001125
0.001125
0.001125
0.001125
0.001125
0.001125
0.001125
0.001125
0.001125
0.001125
0.001125
0.001125
0.001125
0.001125
0.001125
0.001125
0.001125
0.001125
0.001125
0.001125
0.001125
0.001125
0.001125
0.001125
0.001125
0.001125
0.001125
0.001125
0.001125
0.001125
0.001125
0.001125
0.001125
0.001125
0.001125
0.001125
0.001125
0.001125
0.001125
0.001125
0.001125
0.001125
0.001125
0.001125
0.001125
0.001125
0.001125
0.001125
0.001125
0.001125
0.001125
0.001125
0.001125
0.001125
0.001125
0.001125
0.001125
0.001125
0.001125
0.001125
0.001125
0.001125
0.001125
0.001125
0.001125
0.001125
0.001125
0.001125
0.001125
0.001125
0.001125
0.001125
0.001125
0.001125
0.001125
0.001125
0.001125
0.001125
0.001125
0.001125
0.001125
0.001125
0.001125
0.001125
0.001125
0.001125
0.001125
0.001125
0.001125
0.001125
0.001125
0.001125
0.001125
0.001125
0.001125
0.001125
0.001125
0.001125
0.001125
0.001125
0.001125
0.001125
0.001125
0.001125
0.001125
0.001125
0.001125
0.001125
0.001125
0.001125
0.001125
0.001125
0.001125
0.001125
0.001125
0.001125
0.001125
0.001125
0.001125
0.001125
0.001125
0.001125
0.001125
0.001125
0.001125
0.001125
0.001125
0.001125
0.001125
0.001125
0.001125
0.001125
0.001125
0.001125
0.001125
0.001125
0.001125
0.001125
0.001125
0.001125
0.001125
0.001125
0.001125
0.001125
0.001125
0.001125
0.001125
0.001125
0.001125
0.001125
0.001125
0.001125
0.001125
0.001125
0.001125
0.001125
0.001125
0.001125
0.001125
0.001125
0.001125
0.001125
0.001125
0.001125
0.001125
0.001125
0.001125
0.001125
0.001125
0.001125
0.001125
0.001125
0.001125
0.001125
0.001125
0.001125
0.001125
0.001125
0.001125
0.001125
0.001125
0.001125
0.001125
0.001125
0.001125
0.001125
0.001125
0.001125
0.001125
0.001125
0.001125
0.001125
0.001125
0.001125
0.001125
0.001125
0.001125
0.001125
0.001125
0.001125
0.001125
0.001125
0.001125
0.001125
0.001125
0.001125
0.001125
0.001125
0.001125
0.001125
0.001125
0.001125
0.001125
0.001125
0.001125
0.001125
0.001125
0.001125
0.001125
0.001125
0.001125
0.001125
0.001125
0.001125
0.001125
0.001125
0.001125
0.001125
0.001125
0.001125
0.001125
0.001125
0.001125
0.001125
0.001125
0.001125
0.001125
0.001125
0.001125
0.001125
0.001125
0.001125
0.001125
0.001125
0.001125
0.001125
0.001125
0.001125
0.001125
0.001125
0.001125
0.001125
0.001125
0.001125
0.001125
0.001125
0.001125
0.001125
0.001125
0.001125
0.001125
0.001125
0.001125
0.001125
0.001125
0.001125
0.001125
0.001125
0.001125
0.001125
0.001125
0.001125
0.001125
0.001125
0.001125
0.001125
0.001125
0.001125
0.001125
0.001125
0.001125
0.001125
0.001125
0.001125
0.001125
0.001125
0.001125
0.001125
0.001125
0.001125
0.001125
0.001125
0.001125
0.001125
0.001125
0.001125
0.001125
0.001125
0.001125
0.001125
0.001125
0.001125
0.001125
0.001125
0.001125
0.001125
0.001125
0.001125
0.001125
0.001125
0.001125
0.001125
0.001125
0.001125
0.001125
0.001125
0.001125
0.001125
0.001125
0.001125
0.001125
0.001125
0.001125
0.001125
0.001125
0.001125
0.001125
0.001125
0.001125
0.001125
0.001125
0.001125
0.001125
0.001125
0.001125
0.001125
0.001125
0.001125
0.001125
0.001125
0.001125
0.001125
0.001125
0.001125
0.001125
0.001125
0.001125
0.001125
0.001125
0.001125
0.001125
0.001125
0.001125
0.001125
0.001125
0.001125
0.001125
0.001125
0.001125
0.001125
0.001125
0.001125
0.001125
0.001125
0.001125
0.001125
0.001125
0.001125
0.001125
0.001125
0.001125
0.001125
0.001125
0.001125
0.001125
0.001125
0.001125
0.001125
0.001125
0.001125
0.001125
0.001125
0.001125
0.001125
0.001125
0.001125
0.001125
0.001125
0.001125
0.001125
0.001125
0.001125
0.001125
0.001125
0.001125
0.001125
0.001125
0.001125
0.001125
0.001125
0.001125
0.001125
0.001125
0.001125
0.001125
0.001125
0.001125
0.001125
0.001125
0.001125
0.001125
0.001125
0.001125
0.001125
0.001125
0.001125
0.001125
0.001125
0.001125
0.001125
0.001125
0.001125
0.001125
0.001125
0.001125
0.001125
0.001125
0.001125
0.001125
0.001125
0.001125
0.001125
0.001125
0.001125
0.001125
0.001125
0.001125
0.001125
0.001125
0.001125
0.001125
0.001125
0.001125
0.001125
0.001125
0.001125
0.001125
0.001125
0.001125
0.001125
0.001125
0.001125
0.001125
0.001125
0.001125
0.001125
0.001125
0.001125
0.001125
0.001125
0.001125
0.001125
0.001125
0.001125
0.001125
0.001125
0.001125
0.001125
0.001125
0.001125
0.001125
0.001125
0.001125
0.001125
0.001125
0.001125
0.001125
0.001125
0.001125
0.001125
0.001125
0.001125
0.001125
0.001125
0.001125
0.001125
0.001125
0.001125
0.001125
0.001125
0.001125
0.001125
0.001125
0.001125
0.001125
0.001125
0.001125
0.001125
0.001125
0.001125
0.001125
0.001125
0.001125
0.001125
0.001125
0.001125
0.001125
0.001125
0.001125
0.001125
0.001125
0.001125
0.001125
0.001125
0.001125
0.001125
0.001125
0.001125
0.001125
0.001125
0.001125
0.001125
0.001125
0.001125
0.001125
0.001125
0.001125
0.001125
0.001125
0.001125
0.001125
0.001125
0.001125
0.001125
0.001125
0.001125
0.001125
0.001125
0.001125
0.001125
0.001125
0.001125
0.001125
0.001125
0.001125
0.001125
0.001125
0.001125
0.001125
0.001125
0.001125
0.001125
0.001125
0.001125
0.001125
0.001125
0.001125
0.001125
0.001125
0.001125
0.001125
0.001125
0.001125
0.001125
0.001125
0.001125
0.001125
0.001125
0.001125
0.001125
0.001125
0.001125
0.001125
0.001125
0.001125
0.001125
0.001125
0.001125
0.001125
0.001125
0.001125
0.001125
0.001125
0.001125
0.001125
0.001125
0.001125
0.001125
0.001125
0.001125
0.001125
0.001125
0.001125
0.001125
0.001125
0.001125
0.001125
0.001125
0.001125
0.001125
0.001125
0.001125
0.001125
0.001125
0.001125
0.001125
0.001125
0.001125
0.001125
0.001125
0.001125
0.001125
0.001125
0.001125
0.001125
0.001125
0.001125
0.001125
0.001125
0.001125
0.001125
0.001125
0.001125
0.001125
0.001125
0.001125
0.001125
0.001125
0.001125
0.001125
0.001125
0.001125
0.001125
0.001125
0.001125
0.001125
0.001125
0.001125
0.001125
0.001125
0.001125
0.001125
0.001125
0.001125
0.001125
0.001125
0.001125
0.001125
0.001125
0.001125
0.001125
0.001125
0.001125
0.001125
0.001125
0.001125
0.001125
0.001125
0.001125
0.001125
0.001125
0.001125
0.001125
0.001125
0.001125
0.001125
0.001125
0.001125
0.001125
0.001125
0.001125
0.001125
0.001125
0.001125
0.001125
0.001125
0.001125
0.001125
0.001125
0.001125
0.001125
0.001125
0.001125
0.001125
0.001125
0.001125
0.001125
0.001125
0.001125
0.001125
0.001125
0.001125
0.001125
0.001125
0.001125
0.001125
0.001125
0.001125
0.001125
0.001125
0.001125
0.001125
0.001125
0.001125
0.001125
0.001125
0.001125
0.001125
0.001125
0.001125
0.001125
0.001125
0.001125
0.001125
0.001125
0.001125
0.001125
0.001125
0.001125
0.001125
0.001125
0.001125
0.001125
0.001125
0.001125
0.001125
0.001125
0.001125
0.001125
0.001125
0.001125
0.001125
0.001125
0.001125
0.001125
0.001125
0.001125
0.001125
0.001125
0.001125
0.001125
0.001125
0.001125
0.001125
0.001125
0.001125
0.001125
0.001125
0.001125
0.001125
0.001125
0.001125
0.001125
0.001125
0.001125
0.001125
0.001125
0.001125
0.001125
0.001125
0.001125
0.001125
0.001125
0.001125
0.001125
0.001125
0.001125
0.001125
0.001125
0.001125
0.001125
0.001125
0.001125
0.001125
0.001125
0.001125
0.001125
0.001125
0.001125
0.001125
0.001125
0.001125
0.001125
0.001125
0.001125
0.001125
0.001125
0.001125
0.001125
0.001125
0.001125
0.001125
0.001125
0.001125
0.001125
0.001125
0.001125
0.001125
0.001125
0.001125
0.001125
0.001125
0.001125
0.001125
0.001125
0.001125
0.001125
0.001125
0.001125
0.001125
0.001125
0.001125
0.001125
0.001125
0.001125
0.001125
0.001125
0.001125
0.001125
0.001125
0.001125
0.001125
0.001125
0.001125
0.001125
0.001125
0.001125
0.001125
0.001125
0.001125
0.001125
0.001125
0.001125
0.001125
0.001125
0.001125
0.001125
0.001125
0.001125
0.001125
0.001125
0.001125
0.001125
0.001125
0.001125
0.001125
0.001125
0.001125
0.001125
0.001125
0.001125
0.001125
0.001125
0.001125
0.001125
0.001125
0.001125
0.001125
0.001125
0.001125
0.001125
0.001125
0.001125
0.001125
0.001125
0.001125
0.001125
0.001125
0.001125
0.001125
0.001125
0.001125
0.001125
0.001125
0.001125
0.001125
0.001125
0.001125
0.001125
0.001125
0.001125
0.001125
0.001125
0.001125
0.001125
0.001125
0.001125
0.001125
0.001125
0.001125
0.001125
0.001125
0.001125
0.001125
0.001125
0.001125
0.001125
0.001125
0.001125
0.001125
0.001125
0.001125
0.001125
0.001125
0.001125
0.001125
0.001125
0.001125
0.001125
0.001125
0.001125
0.001125
0.001125
0.001125
0.001125
0.001125
0.001125
0.001125
0.001125
0.001125
0.001125
0.001125
0.001125
0.001125
0.001125
0.001125
0.001125
0.001125
0.001125
0.001125
0.001125
0.001125
0.001125
0.001125
0.001125
0.001125
0.001125
0.001125
0.001125
0.001125
0.001125
0.001125
0.001125
0.001125
0.001125
0.001125
0.001125
0.001125
0.001125
0.001125
0.001125
0.001125
0.001125
0.001125
0.001125
0.001125
0.001125
0.001125
0.001125
0.001125
0.001125
0.001125
0.001125
0.001125
0.001125
0.001125
0.001125
0.001125
0.001125
0.001125
0.001125
0.001125
0.001125
0.001125
0.001125
0.001125
0.001125
0.001125
0.001125
0.001125
0.001125
0.001125
0.001125
0.001125
0.001125
0.001125
0.001125
0.001125
0.001125
0.001125
0.001125
0.001125
0.001125
0.001125
0.001125
0.001125
0.001125
0.001125
0.001125
0.001125
0.001125
0.001125
0.001125
0.001125
0.001125
0.001125
0.001125
0.001125
0.001125
0.001125
0.001125
0.001125
0.001125
0.001125
0.001125
0.001125
0.001125
0.001125
0.001125
0.001125
0.001125
0.001125
0.001125
0.001125
0.001125
0.001125
0.001125
0.001125
0.001125
0.001125
0.001125
0.001125
0.001125
0.001125
0.001125
0.001125
0.001125
0.001125
0.001125
0.001125
0.001125
0.001125
0.001125
0.001125
0.001125
0.001125
0.001125
0.001125
0.001125
0.001125
0.001125
0.001125
0.001125
0.001125
0.001125
0.001125
0.001125
0.001125
0.001125
0.001125
0.001125
0.001125
0.001125
0.001125
0.001125
0.001125
0.001125
0.001125
0.001125
0.001125
0.001125
0.001125
0.001125
0.001125
0.001125
0.001125
0.001125
0.001125
0.001125
0.001125
0.001125
0.001125
0.001125
0.001125
0.001125
0.001125
0.001125
0.001125
0.001125
0.001125
0.001125
0.001125
0.001125
0.001125
0.001125
0.001125
0.001125
0.001125
0.001125
0.001125
0.001125
0.001125
0.001125
0.001125
0.001125
0.001125
0.001125
0.001125
0.001125
0.001125
0.001125
0.001125
0.001125
0.001125
0.001125
0.001125
0.001125
0.001125
0.001125
0.001125
0.001125
0.001125
0.001125
0.001125
0.001125
0.001125
0.001125
0.001125
0.001125
0.001125
0.001125
0.001125
0.001125
0.001125
0.001125
0.001125
0.001125
0.001125
0.001125
0.001125
0.001125
0.001125
0.001125
0.001125
0.001125
0.001125
0.001125
0.001125
0.001125
0.001125
0.001125
0.001125
0.001125
0.001125
0.001125
0.001125
0.001125
0.001125
0.001125
0.001125
0.001125
0.001125
0.001125
0.001125
0.001125
0.001125
0.001125
0.001125
0.001125
0.001125
0.001125
0.001125
0.001125
0.001125
0.001125
0.001125
0.001125
0.001125
0.001125
0.001125
0.001125
0.001125
0.001125
0.001125
0.001125
0.001125
0.001125
0.001125
0.001125
0.001125
0.001125
0.001125
0.001125
0.001125
0.001125
0.001125
0.001125
0.001125
0.001125
0.001125
0.001125
0.001125
0.001125
0.001125
0.001125
0.001125
0.001125
0.001125
0.001125
0.001125
0.001125
0.001125
0.001125
0.001125
0.001125
0.001125
0.001125
0.001125
0.001125
0.001125
0.001125
0.001125
0.001125
0.001125
0.001125
0.001125
0.001125
0.001125
0.001125
0.001125
0.001125
0.001125
0.001125
0.001125
0.001125
0.001125
0.001125
0.001125
0.001125
0.001125
0.001125
0.001125
0.001125
0.001125
0.001125
0.001125
0.001125
0.001125
0.001125
0.001125
0.001125
0.001125
0.001125
0.001125
0.001125
0.001125
0.001125
0.001125
0.001125
0.001125
0.001125
0.001125
0.001125
0.001125
0.001125
0.001125
0.001125
0.001125
0.001125
0.001125
0.001125
0.001125
0.001125
0.001125
0.001125
0.001125
0.001125
0.001125
0.001125
0.001125
0.001125
0.001125
0.001125
0.001125
0.001125
0.001125
0.001125
0.001125
0.001125
0.001125
0.001125
0.001125
0.001125
0.001125
0.001125
0.001125
0.001125
0.001125
0.001125
0.001125
0.001125
0.001125
0.001125
0.001125
0.001125
0.001125
0.001125
0.001125
0.001125
0.001125
0.001125
0.001125
0.001125
0.001125
0.001125
0.001125
0.001125
0.001125
0.001125
0.001125
0.001125
0.001125
0.001125
0.001125
0.001125
0.001125
0.001125
0.001125
0.001125
0.001125
0.001125
0.001125
0.001125
0.001125
0.001125
0.001125
0.001125
0.001125
0.001125
0.001125
0.001125
0.001125
0.001125
0.001125
0.001125
0.001125
0.001125
0.001125
0.001125
0.001125
0.001125
0.001125
0.001125
0.001125
0.001125
0.001125
0.001125
0.001125
0.001125
0.001125
0.001125
0.001125
0.001125
0.001125
0.001125
0.001125
0.001125
0.001125
0.001125
0.001125
0.001125
0.001125
0.001125
0.001125
0.001125
0.001125
0.001125
0.001125
0.001125
0.001125
0.001125
0.001125
0.001125
0.001125
0.001125
0.001125
0.001125
0.001125
0.001125
0.001125
0.001125
0.001125
0.001125
0.001125
0.001125
0.001125
0.001125
0.001125
0.001125
0.001125
0.001125
0.001125
0.001125
0.001125
0.001125
0.001125
0.001125
0.001125
0.001125
0.001125
0.001125
0.001125
0.001125
0.001125
0.001125
0.001125
0.001125
0.001125
0.001125
0.001125
0.001125
0.001125
0.001125
0.001125
0.001125
0.001125
0.001125
0.001125
0.001125
0.001125
0.001125
0.001125
0.001125
0.001125
0.001125
0.001125
0.001125
0.001125
0.001125
0.001125
0.001125
0.001125
0.001125
0.001125
0.001125
0.001125
0.001125
0.001125
0.001125
0.001125
0.001125
0.001125
0.001125
0.001125
0.001125
0.001125
0.001125
0.001125
0.001125
0.001125
0.001125
0.001125
0.001125
0.001125
0.001125
0.001125
0.001125
0.001125
0.001125
0.001125
0.001125
0.001125
0.001125
0.001125
0.001125
0.001125
0.001125
0.001125
0.001125
0.001125
0.001125
0.001125
0.001125
0.001125
0.001125
0.001125
0.001125
0.001125
0.001125
0.001125
0.001125
0.001125
0.001125
0.001125
0.001125
0.001125
0.001125
0.001125
0.001125
0.001125
0.001125
0.001125
0.001125
0.001125
0.001125
0.001125
0.001125
0.001125
0.001125
0.001125
0.001125
0.001125
0.001125
0.001125
0.001125
0.001125
0.001125
0.001125
0.001125
0.001125
0.001125
0.001125
0.001125
0.001125
0.001125
0.001125
0.001125
0.001125
0.001125
0.001125
0.001125
0.001125
0.001125
0.001125
0.001125
0.001125
0.001125
0.001125
0.001125
0.001125
0.001125
0.001125
0.001125
0.001125
0.001125
0.001125
0.001125
0.001125
0.001125
0.001125
0.001125
0.001125
0.001125
0.001125
0.001125
0.001125
0.001125
0.001125
0.001125
0.001125
0.001125
0.001125
0.001125
0.001125
0.001125
0.001125
0.001125
0.001125
0.001125
0.001125
0.001125
0.001125
0.001125
0.001125
0.001125
0.001125
0.001125
0.001125
0.001125
0.001125
0.001125
0.001125
0.001125
0.001125
0.001125
0.001125
0.001125
0.001125
0.001125
0.001125
0.001125
0.001125
0.001125
0.001125
0.001125
0.001125
0.001125
0.001125
0.001125
0.001125
0.001125
0.001125
0.001125
0.001125
0.001125
0.001125
0.001125
0.001125
0.001125
0.001125
0.001125
0.001125
0.001125
0.001125
0.001125
0.001125
0.001125
0.001125
0.001125
0.001125
0.001125
0.001125
0.001125
0.001125
0.001125
0.001125
0.001125
0.001125
0.001125
0.001125
0.001125
0.001125
0.001125
0.001125
0.001125
0.001125
0.001125
0.001125
0.001125
0.001125
0.001125
0.001125
0.001125
0.001125
0.001125
0.001125
0.001125
0.001125
0.001125
0.001125
0.001125
0.001125
0.001125
0.001125
0.001125
0.001125
0.001125
0.001125
0.001125
0.001125
0.001125
0.001125
0.001125
0.001125
0.001125
0.001125
0.001125
0.001125
0.001125
0.001125
0.001125
0.001125
0.001125
0.001125
0.001125
0.001125
0.001125
0.001125
0.001125
0.001125
0.001125
0.001125
0.001125
0.001125
0.001125
0.001125
0.001125
0.001125
0.001125
0.001125
0.001125
0.001125
0.001125
0.001125
0.001125
0.001125
0.001125
0.001125
0.001125
0.001125
0.001125
0.001125
0.001125
0.001125
0.001125
0.001125
0.001125
0.001125
0.001125
0.001125
0.001125
0.001125
0.001125
0.001125
0.001125
0.001125
0.001125
0.001125
0.001125
0.001125
0.001125
0.001125
0.001125
0.001125
0.001125
0.001125
0.001125
0.001125
0.001125
0.001125
0.001125
0.001125
0.001125
0.001125
0.001125
0.001125
0.001125
0.001125
0.001125
0.001125
0.001125
0.001125
0.001125
0.001125
0.001125
0.001125
0.001125
0.001125
0.001125
0.001125
0.001125
0.001125
0.001125
0.001125
0.001125
0.001125
0.001125
0.001125
0.001125
0.001125
0.001125
0.001125
0.001125
0.001125
0.001125
0.001125
0.001125
0.001125
0.001125
0.001125
0.001125
0.001125
0.001125
0.001125
0.001125
0.001125
0.001125
0.001125
0.001125
0.001125
0.001125
0.001125
0.001125
0.001125
0.001125
0.001125
0.001125
0.001125
0.001125
0.001125
0.001125
0.001125
0.001125
0.001125
0.001125
0.001125
0.001125
0.001125
0.001125
0.001125
0.001125
0.001125
0.001125
0.001125
0.001125
0.001125
0.001125
0.001125
0.001125
0.001125
0.001125
0.001125
0.001125
0.001125
0.001125
0.001125
0.001125
0.001125
0.001125
0.001125
0.001125
0.001125
0.001125
0.001125
0.001125
0.001125
0.001125
0.001125
0.001125
0.001125
0.001125
0.001125
0.001125
0.001125
0.001125
0.001125
0.001125
0.001125
0.001125
0.001125
0.001125
0.001125
0.001125
0.001125
0.001125
0.001125
0.001125
0.001125
0.001125
0.001125
0.001125
0.001125
0.001125
0.001125
0.001125
0.001125
0.001125
0.001125
0.001125
0.001125
0.001125
0.001125
0.001125
0.001125
0.001125
0.001125
0.001125
0.001125
0.001125
0.001125
0.001125
0.001125
0.001125
0.001125
0.001125
0.001125
0.001125
0.001125
0.001125
0.001125
0.001125
0.001125
0.001125
0.001125
0.001125
0.001125
0.001125
0.001125
0.001125
0.001125
0.001125
0.001125
0.001125
0.001125
0.001125
0.001125
0.001125
0.001125
0.001125
0.001125
0.001125
0.001125
0.001125
0.001125
0.001125
0.001125
0.001125
0.001125
0.001125
0.001125
0.001125
0.001125
0.001125
0.001125
0.001125
0.001125
0.001125
0.001125
0.001125
0.001125
0.001125
0.001125
0.001125
0.001125
0.001125
0.001125
0.001125
0.001125
0.001125
0.001125
0.001125
0.001125
0.001125
0.001125
0.001125
0.001125
0.001125
0.001125
0.001125
0.001125
0.001125
0.001125
0.001125
0.001125
0.001125
0.001125
0.001125
0.001125
0.001125
0.001125
0.001125
0.001125
0.001125
0.001125
0.001125
0.001125
0.001125
0.001125
0.001125
0.001125
0.001125
0.001125
0.001125
0.001125
0.001125
0.001125
0.001125
0.001125
0.001125
0.001125
0.001125
0.001125
0.001125
0.001125
0.001125
0.001125
0.001125
0.001125
0.001125
0.001125
0.001125
0.001125
0.001125
0.001125
0.001125
0.001125
0.001125
0.001125
0.001125
0.001125
0.001125
0.001125
0.001125
0.001125
0.001125
0.001125
0.001125
0.001125
0.001125
0.001125
0.001125
0.001125
0.001125
0.001125
0.001125
0.001125
0.001125
0.001125
0.001125
0.001125
0.001125
0.001125
0.001125
0.001125
0.001125
0.001125
0.001125
0.001125
0.001125
0.001125
0.001125
0.001125
0.001125
0.001125
0.001125
0.001125
0.001125
0.001125
0.001125
0.001125
0.001125
0.001125
0.001125
0.001125
0.001125
0.001125
0.001125
0.001125
0.001125
0.001125
0.001125
0.001125
0.001125
0.001125
0.001125
0.001125
0.001125
0.001125
0.001125
0.001125
0.001125
0.001125
0.001125
0.001125
0.001125
0.001125
0.001125
0.001125
0.001125
0.001125
0.001125
0.001125
0.001125
0.001125
0.001125
0.001125
0.001125
0.001125
0.001125
0.001125
0.001125
0.001125
0.001125
0.001125
0.001125
0.001125
0.001125
0.001125
0.001125
0.001125
0.001125
0.001125
0.001125
0.001125
0.001125
0.001125
0.001125
0.001125
0.001125
0.001125
0.001125
0.001125
0.001125
0.001125
0.001125
0.001125
0.001125
0.001125
0.001125
0.001125
0.001125
0.001125
0.001125
0.001125
0.001125
0.001125
0.001125
0.001125
0.001125
0.001125
0.001125
0.001125
0.001125
0.001125
0.001125
0.001125
0.001125
0.001125
0.001125
0.001125
0.001125
0.001125
0.001125
0.001125
0.001125
0.001125
0.001125
0.001125
0.001125
0.001125
0.001125
0.001125
0.001125
0.001125
0.001125
0.001125
0.001125
0.001125
0.001125
0.001125
0.001125
0.001125
0.001125
0.001125
0.001125
0.001125
0.001125
0.001125
0.001125
0.001125
0.001125
0.001125
0.001125
0.001125
0.001125
0.001125
0.001125
0.001125
0.001125
0.001125
0.001125
0.001125
0.001125
0.001125
0.001125
0.001125
0.001125
0.001125
0.001125
0.001125
0.001125
0.001125
0.001125
0.001125
0.001125
0.001125
0.001125
0.001125
0.001125
0.001125
0.001125
0.001125
0.001125
0.001125
0.001125
0.001125
0.001125
0.001125
0.001125
0.001125
0.001125
0.001125
0.001125
0.001125
0.001125
0.001125
0.001125
0.001125
0.001125
0.001125
0.001125
0.001125
0.001125
0.001125
0.001125
0.001125
0.001125
0.001125
0.001125
0.001125
0.001125
0.001125
0.001125
0.001125
0.001125
0.001125
0.001125
0.001125
0.001125
0.001125
0.001125
0.001125
0.001125
0.001125
0.001125
0.001125
0.001125
0.001125
0.001125
0.001125
0.001125
0.001125
0.001125
0.001125
0.001125
0.001125
0.001125
0.001125
0.001125
0.001125
0.001125
0.001125
0.001125
0.001125
0.001125
0.001125
0.001125
0.001125
0.001125
0.001125
0.001125
0.001125
0.001125
0.001125
0.001125
0.001125
0.001125
0.001125
0.001125
0.001125
0.001125
0.001125
0.001125
0.001125
0.001125
0.001125
0.001125
0.001125
0.001125
0.001125
0.001125
0.001125
0.001125
0.001125
0.001125
0.001125
0.001125
0.001125
0.001125
0.001125
0.001125
0.001125
0.001125
0.001125
0.001125
0.001125
0.001125
0.001125
0.001125
0.001125
0.001125
0.001125
0.001125
0.001125
0.001125
0.001125
0.001125
0.001125
0.001125
0.001125
0.001125
0.001125
0.001125
0.001125
0.001125
0.001125
0.001125
0.001125
0.001125
0.001125
0.001125
0.001125
0.001125
0.001125
0.001125
0.001125
0.001125
0.001125
0.001125
0.001125
0.001125
0.001125
0.001125
0.001125
0.001125
0.001125
0.001125
0.001125
0.001125
0.001125
0.001125
0.001125
0.001125
0.001125
0.001125
0.001125
0.001125
0.001125
0.001125
0.001125
0.001125
0.001125
0.001125
0.001125
0.001125
0.001125
0.001125
0.001125
0.001125
0.001125
0.001125
0.001125
0.001125
0.001125
0.001125
0.001125
0.001125
0.001125
0.001125
0.001125
0.001125
0.001125
0.001125
0.001125
0.001125
0.001125
0.001125
0.001125
0.001125
0.001125
0.001125
0.001125
0.001125
0.001125
0.001125
0.001125
0.001125
0.001125
0.001125
0.001125
0.001125
0.001125
0.001125
0.001125
0.001125
0.001125
0.001125
0.001125
0.001125
0.001125
0.001125
0.001125
0.001125
0.001125
0.001125
0.001125
0.001125
0.001125
0.001125
0.001125
0.001125
0.001125
0.001125
0.001125
0.001125
0.001125
0.001125
0.001125
0.001125
0.001125
0.001125
0.001125
0.001125
0.001125
0.001125
0.001125
0.001125
0.001125
0.001125
0.001125
0.001125
0.001125
0.001125
0.001125
0.001125
0.001125
0.001125
0.001125
0.001125
0.001125
0.001125
0.001125
0.001125
0.001125
0.001125
0.001125
0.001125
0.001125
0.001125
0.001125
0.001125
0.001125
0.001125
0.001125
0.001125
0.001125
0.001125
0.001125
0.001125
0.001125
0.001125
0.001125
0.001125
0.001125
0.001125
0.001125
0.001125
0.001125
0.001125
0.001125
0.001125
0.001125
0.001125
0.001125
0.001125
0.001125
0.001125
0.001125
0.001125
0.001125
0.001125
0.001125
0.001125
0.001125
0.001125
0.001125
0.001125
0.001125
0.001125
0.001125
0.001125
0.001125
0.001125
0.001125
0.001125
0.001125
0.001125
0.001125
0.001125
0.001125
0.001125
0.001125
0.001125
0.001125
0.001125
0.001125
0.001125
0.001125
0.001125
0.001125
0.001125
0.001125
0.001125
0.001125
0.001125
0.001125
0.001125
0.001125
0.001125
0.001125
0.001125
0.001125
0.001125
0.001125
0.001125
0.001125
0.001125
0.001125
0.001125
0.001125
0.001125
0.001125
0.001125
0.001125
0.001125
0.001125
0.001125
0.001125
0.001125
0.001125
0.001125
0.001125
0.001125
0.001125
0.001125
0.001125
0.001125
0.001125
0.001125
0.001125
0.001125
0.001125
0.001125
0.001125
0.001125
0.001125
0.001125
0.001125
0.001125
0.001125
0.001125
0.001125
0.001125
0.001125
0.001125
0.001125
0.001125
0.001125
0.001125
0.001125
0.001125
0.001125
0.001125
0.001125
0.001125
0.001125
0.001125
0.001125
0.001125
0.001125
0.001125
0.001125
0.001125
0.001125
0.001125
0.001125
0.001125
0.001125
0.001125
0.001125
0.001125
0.001125
0.001125
0.001125
0.001125
0.001125
0.001125
0.001125
0.001125
0.001125
0.001125
0.001125
0.001125
0.001125
0.001125
0.001125
0.001125
0.001125
0.001125
0.001125
0.001125
0.001125
0.001125
0.001125
0.001125
0.001125
0.001125
0.001125
0.001125
0.001125
0.001125
0.001125
0.001125
0.001125
0.001125
0.001125
0.001125
0.001125
0.001125
0.001125
0.001125
0.001125
0.001125
0.001125
0.001125
0.001125
0.001125
0.001125
0.001125
0.001125
0.001125
0.001125
0.001125
0.001125
0.001125
0.001125
0.001125
0.001125
0.001125
0.001125
0.001125
0.001125
0.001125
0.001125
0.001125
0.001125
0.001125
0.001125
0.001125
0.001125
0.001125
0.001125
0.001125
0.001125
0.001125
0.001125
0.001125
0.001125
0.001125
0.001125
0.001125
0.001125
0.001125
0.001125
0.001125
0.001125
0.001125
0.001125
0.001125
0.001125
0.001125
0.001125
0.001125
0.001125
0.001125
0.001125
0.001125
0.001125
0.001125
0.001125
0.001125
0.001125
0.001125
0.001125
0.001125
0.001125
0.001125
0.001125
0.001125
0.001125
0.001125
0.001125
0.001125
0.001125
0.001125
0.001125
0.001125
0.001125
0.001125
0.001125
0.001125
0.001125
0.001125
0.001125
0.001125
0.001125
0.001125
0.001125
0.001125
0.001125
0.001125
0.001125
0.001125
0.001125
0.001125
0.001125
0.001125
0.001125
0.001125
0.001125
0.001125
0.001125
0.001125
0.001125
0.001125
0.001125
0.001125
0.001125
0.001125
0.001125
0.001125
0.001125
0.001125
0.001125
0.001125
0.001125
0.001125
0.001125
0.001125
0.001125
0.001125
0.001125
0.001125
0.001125
0.001125
0.001125
0.001125
0.001125
0.001125
0.001125
0.001125
0.001125
0.001125
0.001125
0.001125
0.001125
0.001125
0.001125
0.001125
0.001125
0.001125
0.001125
0.001125
0.001125
0.001125
0.001125
0.001125
0.001125
0.001125
0.001125
0.001125
0.001125
0.001125
0.001125
0.001125
0.001125
0.001125
0.001125
0.001125
0.001125
0.001125
0.001125
0.001125
0.001125
0.001125
0.001125
0.001125
0.001125
0.001125
0.001125
0.001125
0.001125
0.001125
0.001125
0.001125
0.001125
0.001125
0.001125
0.001125
0.001125
0.001125
0.001125
0.001125
0.001125
0.001125
0.001125
0.001125
0.001125
0.001125
0.001125
0.001125
0.001125
0.001125
0.001125
0.001125
0.001125
0.001125
0.001125
0.001125
0.001125
0.001125
0.001125
0.001125
0.001125
0.001125
0.001125
0.001125
0.001125
0.001125
0.001125
0.001125
0.001125
0.001125
0.001125
0.001125
0.001125
0.001125
0.001125
0.001125
0.001125
0.001125
0.001125
0.001125
0.001125
0.001125
0.001125
0.001125
0.001125
0.001125
0.001125
0.001125
0.001125
0.001125
0.001125
0.001125
0.001125
0.001125
0.001125
0.001125
0.001125
0.001125
0.001125
0.001125
0.001125
0.001125
0.001125
0.001125
0.001125
0.001125
0.001125
0.001125
0.001125
0.001125
0.001125
0.001125
0.001125
0.001125
0.001125
0.001125
0.001125
0.001125
0.001125
0.001125
0.001125
0.001125
0.001125
0.001125
0.001125
0.001125
0.001125
0.001125
0.001125
0.001125
0.001125
0.001125
0.001125
0.001125
0.001125
0.001125
0.001125
0.001125
0.001125
0.001125
0.001125
0.001125
0.001125
0.001125
0.001125
0.001125
0.001125
0.001125
0.001125
0.001125
0.001125
0.001125
0.001125
0.001125
0.001125
0.001125
0.001125
0.001125
0.001125
0.001125
0.001125
0.001125
0.001125
0.001125
0.001125
0.001125
0.001125
0.001125
0.001125
0.001125
0.001125
0.001125
0.001125
0.001125
0.001125
0.001125
0.001125
0.001125
0.001125
0.001125
0.001125
0.001125
0.001125
0.001125
0.001125
0.001125
0.001125
0.001125
0.001125
0.001125
0.001125
0.001125
0.001125
0.001125
0.001125
0.001125
0.001125
0.001125
0.001125
0.001125
0.001125
0.001125
0.001125
0.001125
0.001125
0.001125
0.001125
0.001125
0.001125
0.001125
0.001125
0.001125
0.001125
0.001125
0.001125
0.001125
0.001125
0.001125
0.001125
0.001125
0.001125
0.001125
0.001125
0.001125
0.001125
0.001125
0.001125
0.001125
0.001125
0.001125
0.001125
0.001125
0.001125
0.001125
0.001125
0.001125
)
;

boundaryField
{
    front
    {
        type            zeroGradient;
    }
    back
    {
        type            zeroGradient;
    }
    left
    {
        type            zeroGradient;
    }
    right
    {
        type            zeroGradient;
    }
    topAndBottom
    {
        type            empty;
    }
}


// ************************************************************************* //
