/*--------------------------------*- C++ -*----------------------------------*\
| =========                 |                                                 |
| \\      /  F ield         | OpenFOAM: The Open Source CFD Toolbox           |
|  \\    /   O peration     | Version:  2312                                  |
|   \\  /    A nd           | Website:  www.openfoam.com                      |
|    \\/     M anipulation  |                                                 |
\*---------------------------------------------------------------------------*/
FoamFile
{
    version     2.0;
    format      ascii;
    arch        "LSB;label=32;scalar=64";
    class       volScalarField;
    location    "0.5";
    object      psi;
}
// * * * * * * * * * * * * * * * * * * * * * * * * * * * * * * * * * * * * * //

dimensions      [0 0 0 0 0 0 0];

internalField   nonuniform List<scalar> 
10000
(
0.00112496
0.00112498
0.00112499
0.001125
0.001125
0.001125
0.001125
0.001125
0.001125
0.001125
0.001125
0.001125
0.001125
0.001125
0.001125
0.001125
0.001125
0.001125
0.001125
0.001125
0.001125
0.001125
0.001125
0.001125
0.001125
0.001125
0.001125
0.001125
0.001125
0.001125
0.001125
0.001125
0.001125
0.001125
0.001125
0.001125
0.001125
0.001125
0.001125
0.001125
0.001125
0.001125
0.001125
0.001125
0.001125
0.001125
0.001125
0.001125
0.001125
0.001125
0.001125
0.001125
0.001125
0.001125
0.001125
0.001125
0.001125
0.001125
0.001125
0.001125
0.001125
0.001125
0.001125
0.001125
0.001125
0.001125
0.001125
0.001125
0.001125
0.001125
0.001125
0.001125
0.001125
0.001125
0.001125
0.001125
0.001125
0.001125
0.001125
0.001125
0.001125
0.001125
0.001125
0.001125
0.001125
0.001125
0.001125
0.001125
0.001125
0.001125
0.001125
0.001125
0.001125
0.001125
0.001125
0.001125
0.001125
0.001125
0.001125
0.001125
0.00112498
0.00112499
0.001125
0.001125
0.001125
0.001125
0.001125
0.001125
0.001125
0.001125
0.001125
0.001125
0.001125
0.001125
0.001125
0.001125
0.001125
0.001125
0.001125
0.001125
0.001125
0.001125
0.001125
0.001125
0.001125
0.001125
0.001125
0.001125
0.001125
0.001125
0.001125
0.001125
0.001125
0.001125
0.001125
0.001125
0.001125
0.001125
0.001125
0.001125
0.001125
0.001125
0.001125
0.001125
0.001125
0.001125
0.001125
0.001125
0.001125
0.001125
0.001125
0.001125
0.001125
0.001125
0.001125
0.001125
0.001125
0.001125
0.001125
0.001125
0.001125
0.001125
0.001125
0.001125
0.001125
0.001125
0.001125
0.001125
0.001125
0.001125
0.001125
0.001125
0.001125
0.001125
0.001125
0.001125
0.001125
0.001125
0.001125
0.001125
0.001125
0.001125
0.001125
0.001125
0.001125
0.001125
0.001125
0.001125
0.001125
0.001125
0.001125
0.001125
0.001125
0.001125
0.001125
0.001125
0.001125
0.001125
0.001125
0.001125
0.00112499
0.001125
0.001125
0.001125
0.001125
0.001125
0.001125
0.001125
0.001125
0.001125
0.001125
0.001125
0.001125
0.001125
0.001125
0.001125
0.001125
0.001125
0.001125
0.001125
0.001125
0.001125
0.001125
0.001125
0.001125
0.001125
0.001125
0.001125
0.001125
0.001125
0.001125
0.001125
0.001125
0.001125
0.001125
0.001125
0.001125
0.001125
0.001125
0.001125
0.001125
0.001125
0.001125
0.001125
0.001125
0.001125
0.001125
0.001125
0.001125
0.001125
0.001125
0.001125
0.001125
0.001125
0.001125
0.001125
0.001125
0.001125
0.001125
0.001125
0.001125
0.001125
0.001125
0.001125
0.001125
0.001125
0.001125
0.001125
0.001125
0.001125
0.001125
0.001125
0.001125
0.001125
0.001125
0.001125
0.001125
0.001125
0.001125
0.001125
0.001125
0.001125
0.001125
0.001125
0.001125
0.001125
0.001125
0.001125
0.001125
0.001125
0.001125
0.001125
0.001125
0.001125
0.001125
0.001125
0.001125
0.001125
0.001125
0.001125
0.001125
0.001125
0.001125
0.001125
0.001125
0.001125
0.001125
0.001125
0.001125
0.001125
0.001125
0.001125
0.001125
0.001125
0.001125
0.001125
0.001125
0.001125
0.001125
0.001125
0.001125
0.001125
0.001125
0.001125
0.001125
0.001125
0.001125
0.001125
0.001125
0.001125
0.001125
0.001125
0.001125
0.001125
0.001125
0.001125
0.001125
0.001125
0.001125
0.001125
0.001125
0.001125
0.001125
0.001125
0.001125
0.001125
0.001125
0.001125
0.001125
0.001125
0.001125
0.001125
0.001125
0.001125
0.001125
0.001125
0.001125
0.001125
0.001125
0.001125
0.001125
0.001125
0.001125
0.001125
0.001125
0.001125
0.001125
0.001125
0.001125
0.001125
0.001125
0.001125
0.001125
0.001125
0.001125
0.001125
0.001125
0.001125
0.001125
0.001125
0.001125
0.001125
0.001125
0.001125
0.001125
0.001125
0.001125
0.001125
0.001125
0.001125
0.001125
0.001125
0.001125
0.001125
0.001125
0.001125
0.001125
0.001125
0.001125
0.001125
0.001125
0.001125
0.001125
0.001125
0.001125
0.001125
0.001125
0.001125
0.001125
0.001125
0.001125
0.001125
0.001125
0.001125
0.001125
0.001125
0.001125
0.001125
0.001125
0.001125
0.001125
0.001125
0.001125
0.001125
0.001125
0.001125
0.001125
0.001125
0.001125
0.001125
0.001125
0.001125
0.001125
0.001125
0.001125
0.001125
0.001125
0.001125
0.001125
0.001125
0.001125
0.001125
0.001125
0.001125
0.001125
0.001125
0.001125
0.001125
0.001125
0.001125
0.001125
0.001125
0.001125
0.001125
0.001125
0.001125
0.001125
0.001125
0.001125
0.001125
0.001125
0.001125
0.001125
0.001125
0.001125
0.001125
0.001125
0.001125
0.001125
0.001125
0.001125
0.001125
0.001125
0.001125
0.001125
0.001125
0.001125
0.001125
0.001125
0.001125
0.001125
0.001125
0.001125
0.001125
0.001125
0.001125
0.001125
0.001125
0.001125
0.001125
0.001125
0.001125
0.001125
0.001125
0.001125
0.001125
0.001125
0.001125
0.001125
0.001125
0.001125
0.001125
0.001125
0.001125
0.001125
0.001125
0.001125
0.001125
0.001125
0.001125
0.001125
0.001125
0.001125
0.001125
0.001125
0.001125
0.001125
0.001125
0.001125
0.001125
0.001125
0.001125
0.001125
0.001125
0.001125
0.001125
0.001125
0.001125
0.001125
0.001125
0.001125
0.001125
0.001125
0.001125
0.001125
0.001125
0.001125
0.001125
0.001125
0.001125
0.001125
0.001125
0.001125
0.001125
0.001125
0.001125
0.001125
0.001125
0.001125
0.001125
0.001125
0.001125
0.001125
0.001125
0.001125
0.001125
0.001125
0.001125
0.001125
0.001125
0.001125
0.001125
0.001125
0.001125
0.001125
0.001125
0.001125
0.001125
0.001125
0.001125
0.001125
0.001125
0.001125
0.001125
0.001125
0.001125
0.001125
0.001125
0.001125
0.001125
0.001125
0.001125
0.001125
0.001125
0.001125
0.001125
0.001125
0.001125
0.001125
0.001125
0.001125
0.001125
0.001125
0.001125
0.001125
0.001125
0.001125
0.001125
0.001125
0.001125
0.001125
0.001125
0.001125
0.001125
0.001125
0.001125
0.001125
0.001125
0.001125
0.001125
0.001125
0.001125
0.001125
0.001125
0.001125
0.001125
0.001125
0.001125
0.001125
0.001125
0.001125
0.001125
0.001125
0.001125
0.001125
0.001125
0.001125
0.001125
0.001125
0.001125
0.001125
0.001125
0.001125
0.001125
0.001125
0.001125
0.001125
0.001125
0.001125
0.001125
0.001125
0.001125
0.001125
0.001125
0.001125
0.001125
0.001125
0.001125
0.001125
0.001125
0.001125
0.001125
0.001125
0.001125
0.001125
0.001125
0.001125
0.001125
0.001125
0.001125
0.001125
0.001125
0.001125
0.001125
0.001125
0.001125
0.001125
0.001125
0.001125
0.001125
0.001125
0.001125
0.001125
0.001125
0.001125
0.001125
0.001125
0.001125
0.001125
0.001125
0.001125
0.001125
0.001125
0.001125
0.001125
0.001125
0.001125
0.001125
0.001125
0.001125
0.001125
0.001125
0.001125
0.001125
0.001125
0.001125
0.001125
0.001125
0.001125
0.001125
0.001125
0.001125
0.001125
0.001125
0.001125
0.001125
0.001125
0.001125
0.001125
0.001125
0.001125
0.001125
0.001125
0.001125
0.001125
0.001125
0.001125
0.001125
0.001125
0.001125
0.001125
0.001125
0.001125
0.001125
0.001125
0.001125
0.001125
0.001125
0.001125
0.001125
0.001125
0.001125
0.001125
0.001125
0.001125
0.001125
0.001125
0.001125
0.001125
0.001125
0.001125
0.001125
0.001125
0.001125
0.001125
0.001125
0.001125
0.001125
0.001125
0.001125
0.001125
0.001125
0.001125
0.001125
0.001125
0.001125
0.001125
0.001125
0.001125
0.001125
0.001125
0.001125
0.001125
0.001125
0.001125
0.001125
0.001125
0.001125
0.001125
0.001125
0.001125
0.001125
0.001125
0.001125
0.001125
0.001125
0.001125
0.001125
0.001125
0.001125
0.001125
0.001125
0.001125
0.001125
0.001125
0.001125
0.001125
0.001125
0.001125
0.001125
0.001125
0.001125
0.001125
0.001125
0.001125
0.001125
0.001125
0.001125
0.001125
0.001125
0.001125
0.001125
0.001125
0.001125
0.001125
0.001125
0.001125
0.001125
0.001125
0.001125
0.001125
0.001125
0.001125
0.001125
0.001125
0.001125
0.001125
0.001125
0.001125
0.001125
0.001125
0.001125
0.001125
0.001125
0.001125
0.001125
0.001125
0.001125
0.001125
0.001125
0.001125
0.001125
0.001125
0.001125
0.001125
0.001125
0.001125
0.001125
0.001125
0.001125
0.001125
0.001125
0.001125
0.001125
0.001125
0.001125
0.001125
0.001125
0.001125
0.001125
0.001125
0.001125
0.001125
0.001125
0.001125
0.001125
0.001125
0.001125
0.001125
0.001125
0.001125
0.001125
0.001125
0.001125
0.001125
0.001125
0.001125
0.001125
0.001125
0.001125
0.001125
0.001125
0.001125
0.001125
0.001125
0.001125
0.001125
0.001125
0.001125
0.001125
0.001125
0.001125
0.001125
0.001125
0.001125
0.001125
0.001125
0.001125
0.001125
0.001125
0.001125
0.001125
0.001125
0.001125
0.001125
0.001125
0.001125
0.001125
0.001125
0.001125
0.001125
0.001125
0.001125
0.001125
0.001125
0.001125
0.001125
0.001125
0.001125
0.001125
0.001125
0.001125
0.001125
0.001125
0.001125
0.001125
0.001125
0.001125
0.001125
0.001125
0.001125
0.001125
0.001125
0.001125
0.001125
0.001125
0.001125
0.001125
0.001125
0.001125
0.001125
0.001125
0.001125
0.001125
0.001125
0.001125
0.001125
0.001125
0.001125
0.001125
0.001125
0.001125
0.001125
0.001125
0.001125
0.001125
0.001125
0.001125
0.001125
0.001125
0.001125
0.001125
0.001125
0.001125
0.001125
0.001125
0.001125
0.001125
0.001125
0.001125
0.001125
0.001125
0.001125
0.001125
0.001125
0.001125
0.001125
0.001125
0.001125
0.001125
0.001125
0.001125
0.001125
0.001125
0.001125
0.001125
0.001125
0.001125
0.001125
0.001125
0.001125
0.001125
0.001125
0.001125
0.001125
0.001125
0.001125
0.001125
0.001125
0.001125
0.001125
0.001125
0.001125
0.001125
0.001125
0.001125
0.001125
0.001125
0.001125
0.001125
0.001125
0.001125
0.001125
0.001125
0.001125
0.001125
0.001125
0.001125
0.001125
0.001125
0.001125
0.001125
0.001125
0.001125
0.001125
0.001125
0.001125
0.001125
0.001125
0.001125
0.001125
0.001125
0.001125
0.001125
0.001125
0.001125
0.001125
0.001125
0.001125
0.001125
0.001125
0.001125
0.001125
0.001125
0.001125
0.001125
0.001125
0.001125
0.001125
0.001125
0.001125
0.001125
0.001125
0.001125
0.001125
0.001125
0.001125
0.001125
0.001125
0.001125
0.001125
0.001125
0.001125
0.001125
0.001125
0.001125
0.001125
0.001125
0.001125
0.001125
0.001125
0.001125
0.001125
0.001125
0.001125
0.001125
0.001125
0.001125
0.001125
0.001125
0.001125
0.001125
0.001125
0.001125
0.001125
0.001125
0.001125
0.001125
0.001125
0.001125
0.001125
0.001125
0.001125
0.001125
0.001125
0.001125
0.001125
0.001125
0.001125
0.001125
0.001125
0.001125
0.001125
0.001125
0.001125
0.001125
0.001125
0.001125
0.001125
0.001125
0.001125
0.001125
0.001125
0.001125
0.001125
0.001125
0.001125
0.001125
0.001125
0.001125
0.001125
0.001125
0.001125
0.001125
0.001125
0.001125
0.001125
0.001125
0.001125
0.001125
0.001125
0.001125
0.001125
0.001125
0.001125
0.001125
0.001125
0.001125
0.001125
0.001125
0.001125
0.001125
0.001125
0.001125
0.001125
0.001125
0.001125
0.001125
0.001125
0.001125
0.001125
0.001125
0.001125
0.001125
0.001125
0.001125
0.001125
0.001125
0.001125
0.001125
0.001125
0.001125
0.001125
0.001125
0.001125
0.001125
0.001125
0.001125
0.001125
0.001125
0.001125
0.001125
0.001125
0.001125
0.001125
0.001125
0.001125
0.001125
0.001125
0.001125
0.001125
0.001125
0.001125
0.001125
0.001125
0.001125
0.001125
0.001125
0.001125
0.001125
0.001125
0.001125
0.001125
0.001125
0.001125
0.001125
0.001125
0.001125
0.001125
0.001125
0.001125
0.001125
0.001125
0.001125
0.001125
0.001125
0.001125
0.001125
0.001125
0.001125
0.001125
0.001125
0.001125
0.001125
0.001125
0.001125
0.001125
0.001125
0.001125
0.001125
0.001125
0.001125
0.001125
0.001125
0.001125
0.001125
0.001125
0.001125
0.001125
0.001125
0.001125
0.001125
0.001125
0.001125
0.001125
0.001125
0.001125
0.001125
0.001125
0.001125
0.001125
0.001125
0.001125
0.001125
0.001125
0.001125
0.001125
0.001125
0.001125
0.001125
0.001125
0.001125
0.001125
0.001125
0.001125
0.001125
0.001125
0.001125
0.001125
0.001125
0.001125
0.001125
0.001125
0.001125
0.001125
0.001125
0.001125
0.001125
0.001125
0.001125
0.001125
0.001125
0.001125
0.001125
0.001125
0.001125
0.001125
0.001125
0.001125
0.001125
0.001125
0.001125
0.001125
0.001125
0.001125
0.001125
0.001125
0.001125
0.001125
0.001125
0.001125
0.001125
0.001125
0.001125
0.001125
0.001125
0.001125
0.001125
0.001125
0.001125
0.001125
0.001125
0.001125
0.001125
0.001125
0.001125
0.001125
0.001125
0.001125
0.001125
0.001125
0.001125
0.001125
0.001125
0.001125
0.001125
0.001125
0.001125
0.001125
0.001125
0.001125
0.001125
0.001125
0.001125
0.001125
0.001125
0.001125
0.001125
0.001125
0.001125
0.001125
0.001125
0.001125
0.001125
0.001125
0.001125
0.001125
0.001125
0.001125
0.001125
0.001125
0.001125
0.001125
0.001125
0.001125
0.001125
0.001125
0.001125
0.001125
0.001125
0.001125
0.001125
0.001125
0.001125
0.001125
0.001125
0.001125
0.001125
0.001125
0.001125
0.001125
0.001125
0.001125
0.001125
0.001125
0.001125
0.001125
0.001125
0.001125
0.001125
0.001125
0.001125
0.001125
0.001125
0.001125
0.001125
0.001125
0.001125
0.001125
0.001125
0.001125
0.001125
0.001125
0.001125
0.001125
0.001125
0.001125
0.001125
0.001125
0.001125
0.001125
0.001125
0.001125
0.001125
0.001125
0.001125
0.001125
0.001125
0.001125
0.001125
0.001125
0.001125
0.001125
0.001125
0.001125
0.001125
0.001125
0.001125
0.001125
0.001125
0.001125
0.001125
0.001125
0.001125
0.001125
0.001125
0.001125
0.001125
0.001125
0.001125
0.001125
0.001125
0.001125
0.001125
0.001125
0.001125
0.001125
0.001125
0.001125
0.001125
0.001125
0.001125
0.001125
0.001125
0.001125
0.001125
0.001125
0.001125
0.001125
0.001125
0.001125
0.001125
0.001125
0.001125
0.001125
0.001125
0.001125
0.001125
0.001125
0.001125
0.001125
0.001125
0.001125
0.001125
0.001125
0.001125
0.001125
0.001125
0.001125
0.001125
0.001125
0.001125
0.001125
0.001125
0.001125
0.001125
0.001125
0.001125
0.001125
0.001125
0.001125
0.001125
0.001125
0.001125
0.001125
0.001125
0.001125
0.001125
0.001125
0.001125
0.001125
0.001125
0.001125
0.001125
0.001125
0.001125
0.001125
0.001125
0.001125
0.001125
0.001125
0.001125
0.001125
0.001125
0.001125
0.001125
0.001125
0.001125
0.001125
0.001125
0.001125
0.001125
0.001125
0.001125
0.001125
0.001125
0.001125
0.001125
0.001125
0.001125
0.001125
0.001125
0.001125
0.001125
0.001125
0.001125
0.001125
0.001125
0.001125
0.001125
0.001125
0.001125
0.001125
0.001125
0.001125
0.001125
0.001125
0.001125
0.001125
0.001125
0.001125
0.001125
0.001125
0.001125
0.001125
0.001125
0.001125
0.001125
0.001125
0.001125
0.001125
0.001125
0.001125
0.001125
0.001125
0.001125
0.001125
0.001125
0.001125
0.001125
0.001125
0.001125
0.001125
0.001125
0.001125
0.001125
0.001125
0.001125
0.001125
0.001125
0.001125
0.001125
0.001125
0.001125
0.001125
0.001125
0.001125
0.001125
0.001125
0.001125
0.001125
0.001125
0.001125
0.001125
0.001125
0.001125
0.001125
0.001125
0.001125
0.001125
0.001125
0.001125
0.001125
0.001125
0.001125
0.001125
0.001125
0.001125
0.001125
0.001125
0.001125
0.001125
0.001125
0.001125
0.001125
0.001125
0.001125
0.001125
0.001125
0.001125
0.001125
0.001125
0.001125
0.001125
0.001125
0.001125
0.001125
0.001125
0.001125
0.001125
0.001125
0.001125
0.001125
0.001125
0.001125
0.001125
0.001125
0.001125
0.001125
0.001125
0.001125
0.001125
0.001125
0.001125
0.001125
0.001125
0.001125
0.001125
0.001125
0.001125
0.001125
0.001125
0.001125
0.001125
0.001125
0.001125
0.001125
0.001125
0.001125
0.001125
0.001125
0.001125
0.001125
0.001125
0.001125
0.001125
0.001125
0.001125
0.001125
0.001125
0.001125
0.001125
0.001125
0.001125
0.001125
0.001125
0.001125
0.001125
0.001125
0.001125
0.001125
0.001125
0.001125
0.001125
0.001125
0.001125
0.001125
0.001125
0.001125
0.001125
0.001125
0.001125
0.001125
0.001125
0.001125
0.001125
0.001125
0.001125
0.001125
0.001125
0.001125
0.001125
0.001125
0.001125
0.001125
0.001125
0.001125
0.001125
0.001125
0.001125
0.001125
0.001125
0.001125
0.001125
0.001125
0.001125
0.001125
0.001125
0.001125
0.001125
0.001125
0.001125
0.001125
0.001125
0.001125
0.001125
0.001125
0.001125
0.001125
0.001125
0.001125
0.001125
0.001125
0.001125
0.001125
0.001125
0.001125
0.001125
0.001125
0.001125
0.001125
0.001125
0.001125
0.001125
0.001125
0.001125
0.001125
0.001125
0.001125
0.001125
0.001125
0.001125
0.001125
0.001125
0.001125
0.001125
0.001125
0.001125
0.001125
0.001125
0.001125
0.001125
0.001125
0.001125
0.001125
0.001125
0.001125
0.001125
0.001125
0.001125
0.001125
0.001125
0.001125
0.001125
0.001125
0.001125
0.001125
0.001125
0.001125
0.001125
0.001125
0.001125
0.001125
0.001125
0.001125
0.001125
0.001125
0.001125
0.001125
0.001125
0.001125
0.001125
0.001125
0.001125
0.001125
0.001125
0.001125
0.001125
0.001125
0.001125
0.001125
0.001125
0.001125
0.001125
0.001125
0.001125
0.001125
0.001125
0.001125
0.001125
0.001125
0.001125
0.001125
0.001125
0.001125
0.001125
0.001125
0.001125
0.001125
0.001125
0.001125
0.001125
0.001125
0.001125
0.001125
0.001125
0.001125
0.001125
0.001125
0.001125
0.001125
0.001125
0.001125
0.001125
0.001125
0.001125
0.001125
0.001125
0.001125
0.001125
0.001125
0.001125
0.001125
0.001125
0.001125
0.001125
0.001125
0.001125
0.001125
0.001125
0.001125
0.001125
0.001125
0.001125
0.001125
0.001125
0.001125
0.001125
0.001125
0.001125
0.001125
0.001125
0.001125
0.001125
0.001125
0.001125
0.001125
0.001125
0.001125
0.001125
0.001125
0.001125
0.001125
0.001125
0.001125
0.001125
0.001125
0.001125
0.001125
0.001125
0.001125
0.001125
0.001125
0.001125
0.001125
0.001125
0.001125
0.001125
0.001125
0.001125
0.001125
0.001125
0.001125
0.001125
0.001125
0.001125
0.001125
0.001125
0.001125
0.001125
0.001125
0.001125
0.001125
0.001125
0.001125
0.001125
0.001125
0.001125
0.001125
0.001125
0.001125
0.001125
0.001125
0.001125
0.001125
0.001125
0.001125
0.001125
0.001125
0.001125
0.001125
0.001125
0.001125
0.001125
0.001125
0.001125
0.001125
0.001125
0.001125
0.001125
0.001125
0.001125
0.001125
0.001125
0.001125
0.001125
0.001125
0.001125
0.001125
0.001125
0.001125
0.001125
0.001125
0.001125
0.001125
0.001125
0.001125
0.001125
0.001125
0.001125
0.001125
0.001125
0.001125
0.001125
0.001125
0.001125
0.001125
0.001125
0.001125
0.001125
0.001125
0.001125
0.001125
0.001125
0.001125
0.001125
0.001125
0.001125
0.001125
0.001125
0.001125
0.001125
0.001125
0.001125
0.001125
0.001125
0.001125
0.001125
0.001125
0.001125
0.001125
0.001125
0.001125
0.001125
0.001125
0.001125
0.001125
0.001125
0.001125
0.001125
0.001125
0.001125
0.001125
0.001125
0.001125
0.001125
0.001125
0.001125
0.001125
0.001125
0.001125
0.001125
0.001125
0.001125
0.001125
0.001125
0.001125
0.001125
0.001125
0.001125
0.001125
0.001125
0.001125
0.001125
0.001125
0.001125
0.001125
0.001125
0.001125
0.001125
0.001125
0.001125
0.001125
0.001125
0.001125
0.001125
0.001125
0.001125
0.001125
0.001125
0.001125
0.001125
0.001125
0.001125
0.001125
0.001125
0.001125
0.001125
0.001125
0.001125
0.001125
0.001125
0.001125
0.001125
0.001125
0.001125
0.001125
0.001125
0.001125
0.001125
0.001125
0.001125
0.001125
0.001125
0.001125
0.001125
0.001125
0.001125
0.001125
0.001125
0.001125
0.001125
0.001125
0.001125
0.001125
0.001125
0.001125
0.001125
0.001125
0.001125
0.001125
0.001125
0.001125
0.001125
0.001125
0.001125
0.001125
0.001125
0.001125
0.001125
0.001125
0.001125
0.001125
0.001125
0.001125
0.001125
0.001125
0.001125
0.001125
0.001125
0.001125
0.001125
0.001125
0.001125
0.001125
0.001125
0.001125
0.001125
0.001125
0.001125
0.001125
0.001125
0.001125
0.001125
0.001125
0.001125
0.001125
0.001125
0.001125
0.001125
0.001125
0.001125
0.001125
0.001125
0.001125
0.001125
0.001125
0.001125
0.001125
0.001125
0.001125
0.001125
0.001125
0.001125
0.001125
0.001125
0.001125
0.001125
0.001125
0.001125
0.001125
0.001125
0.001125
0.001125
0.001125
0.001125
0.001125
0.001125
0.001125
0.001125
0.001125
0.001125
0.001125
0.001125
0.001125
0.001125
0.001125
0.001125
0.001125
0.001125
0.001125
0.001125
0.001125
0.001125
0.001125
0.001125
0.001125
0.001125
0.001125
0.001125
0.001125
0.001125
0.001125
0.001125
0.001125
0.001125
0.001125
0.001125
0.001125
0.001125
0.001125
0.001125
0.001125
0.001125
0.001125
0.001125
0.001125
0.001125
0.001125
0.001125
0.001125
0.001125
0.001125
0.001125
0.001125
0.001125
0.001125
0.001125
0.001125
0.001125
0.001125
0.001125
0.001125
0.001125
0.001125
0.001125
0.001125
0.001125
0.001125
0.001125
0.001125
0.001125
0.001125
0.001125
0.001125
0.001125
0.001125
0.001125
0.001125
0.001125
0.001125
0.001125
0.001125
0.001125
0.001125
0.001125
0.001125
0.001125
0.001125
0.001125
0.001125
0.001125
0.001125
0.001125
0.001125
0.001125
0.001125
0.001125
0.001125
0.001125
0.001125
0.001125
0.001125
0.001125
0.001125
0.001125
0.001125
0.001125
0.001125
0.001125
0.001125
0.001125
0.001125
0.001125
0.001125
0.001125
0.001125
0.001125
0.001125
0.001125
0.001125
0.001125
0.001125
0.001125
0.001125
0.001125
0.001125
0.001125
0.001125
0.001125
0.001125
0.001125
0.001125
0.001125
0.001125
0.001125
0.001125
0.001125
0.001125
0.001125
0.001125
0.001125
0.001125
0.001125
0.001125
0.001125
0.001125
0.001125
0.001125
0.001125
0.001125
0.001125
0.001125
0.001125
0.001125
0.001125
0.001125
0.001125
0.001125
0.001125
0.001125
0.001125
0.001125
0.001125
0.001125
0.001125
0.001125
0.001125
0.001125
0.001125
0.001125
0.001125
0.001125
0.001125
0.001125
0.001125
0.001125
0.001125
0.001125
0.001125
0.001125
0.001125
0.001125
0.001125
0.001125
0.001125
0.001125
0.001125
0.001125
0.001125
0.001125
0.001125
0.001125
0.001125
0.001125
0.001125
0.001125
0.001125
0.001125
0.001125
0.001125
0.001125
0.001125
0.001125
0.001125
0.001125
0.001125
0.001125
0.001125
0.001125
0.001125
0.001125
0.001125
0.001125
0.001125
0.001125
0.001125
0.001125
0.001125
0.001125
0.001125
0.001125
0.001125
0.001125
0.001125
0.001125
0.001125
0.001125
0.001125
0.001125
0.001125
0.001125
0.001125
0.001125
0.001125
0.001125
0.001125
0.001125
0.001125
0.001125
0.001125
0.001125
0.001125
0.001125
0.001125
0.001125
0.001125
0.001125
0.001125
0.001125
0.001125
0.001125
0.001125
0.001125
0.001125
0.001125
0.001125
0.001125
0.001125
0.001125
0.001125
0.001125
0.001125
0.001125
0.001125
0.001125
0.001125
0.001125
0.001125
0.001125
0.001125
0.001125
0.001125
0.001125
0.001125
0.001125
0.001125
0.001125
0.001125
0.001125
0.001125
0.001125
0.001125
0.001125
0.001125
0.001125
0.001125
0.001125
0.001125
0.001125
0.001125
0.001125
0.001125
0.001125
0.001125
0.001125
0.001125
0.001125
0.001125
0.001125
0.001125
0.001125
0.001125
0.001125
0.001125
0.001125
0.001125
0.001125
0.001125
0.001125
0.001125
0.001125
0.001125
0.001125
0.001125
0.001125
0.001125
0.001125
0.001125
0.001125
0.001125
0.001125
0.001125
0.001125
0.001125
0.001125
0.001125
0.001125
0.001125
0.001125
0.001125
0.001125
0.001125
0.001125
0.001125
0.001125
0.001125
0.001125
0.001125
0.001125
0.001125
0.001125
0.001125
0.001125
0.001125
0.001125
0.001125
0.001125
0.001125
0.001125
0.001125
0.001125
0.001125
0.001125
0.001125
0.001125
0.001125
0.001125
0.001125
0.001125
0.001125
0.001125
0.001125
0.001125
0.001125
0.001125
0.001125
0.001125
0.001125
0.001125
0.001125
0.001125
0.001125
0.001125
0.001125
0.001125
0.001125
0.001125
0.001125
0.001125
0.001125
0.001125
0.001125
0.001125
0.001125
0.001125
0.001125
0.001125
0.001125
0.001125
0.001125
0.001125
0.001125
0.001125
0.001125
0.001125
0.001125
0.001125
0.001125
0.001125
0.001125
0.001125
0.001125
0.001125
0.001125
0.001125
0.001125
0.001125
0.001125
0.001125
0.001125
0.001125
0.001125
0.001125
0.001125
0.001125
0.001125
0.001125
0.001125
0.001125
0.001125
0.001125
0.001125
0.001125
0.001125
0.001125
0.001125
0.001125
0.001125
0.001125
0.001125
0.001125
0.001125
0.001125
0.001125
0.001125
0.001125
0.001125
0.001125
0.001125
0.001125
0.001125
0.001125
0.001125
0.001125
0.001125
0.001125
0.001125
0.001125
0.001125
0.001125
0.001125
0.001125
0.001125
0.001125
0.001125
0.001125
0.001125
0.001125
0.001125
0.001125
0.001125
0.001125
0.001125
0.001125
0.001125
0.001125
0.001125
0.001125
0.001125
0.001125
0.001125
0.001125
0.001125
0.001125
0.001125
0.001125
0.001125
0.001125
0.001125
0.001125
0.001125
0.001125
0.001125
0.001125
0.001125
0.001125
0.001125
0.001125
0.001125
0.001125
0.001125
0.001125
0.001125
0.001125
0.001125
0.001125
0.001125
0.001125
0.001125
0.001125
0.001125
0.001125
0.001125
0.001125
0.001125
0.001125
0.001125
0.001125
0.001125
0.001125
0.001125
0.001125
0.001125
0.001125
0.001125
0.001125
0.001125
0.001125
0.001125
0.001125
0.001125
0.001125
0.001125
0.001125
0.001125
0.001125
0.001125
0.001125
0.001125
0.001125
0.001125
0.001125
0.001125
0.001125
0.001125
0.001125
0.001125
0.001125
0.001125
0.001125
0.001125
0.001125
0.001125
0.001125
0.001125
0.001125
0.001125
0.001125
0.001125
0.001125
0.001125
0.001125
0.001125
0.001125
0.001125
0.001125
0.001125
0.001125
0.001125
0.001125
0.001125
0.001125
0.001125
0.001125
0.001125
0.001125
0.001125
0.001125
0.001125
0.001125
0.001125
0.001125
0.001125
0.001125
0.001125
0.001125
0.001125
0.001125
0.001125
0.001125
0.001125
0.001125
0.001125
0.001125
0.001125
0.001125
0.001125
0.001125
0.001125
0.001125
0.001125
0.001125
0.001125
0.001125
0.001125
0.001125
0.001125
0.001125
0.001125
0.001125
0.001125
0.001125
0.001125
0.001125
0.001125
0.001125
0.001125
0.001125
0.001125
0.001125
0.001125
0.001125
0.001125
0.001125
0.001125
0.001125
0.001125
0.001125
0.001125
0.001125
0.001125
0.001125
0.001125
0.001125
0.001125
0.001125
0.001125
0.001125
0.001125
0.001125
0.001125
0.001125
0.001125
0.001125
0.001125
0.001125
0.001125
0.001125
0.001125
0.001125
0.001125
0.001125
0.001125
0.001125
0.001125
0.001125
0.001125
0.001125
0.001125
0.001125
0.001125
0.001125
0.001125
0.001125
0.001125
0.001125
0.001125
0.001125
0.001125
0.001125
0.001125
0.001125
0.001125
0.001125
0.001125
0.001125
0.001125
0.001125
0.001125
0.001125
0.001125
0.001125
0.001125
0.001125
0.001125
0.001125
0.001125
0.001125
0.001125
0.001125
0.001125
0.001125
0.001125
0.001125
0.001125
0.001125
0.001125
0.001125
0.001125
0.001125
0.001125
0.001125
0.001125
0.001125
0.001125
0.001125
0.001125
0.001125
0.001125
0.001125
0.001125
0.001125
0.001125
0.001125
0.001125
0.001125
0.001125
0.001125
0.001125
0.001125
0.001125
0.001125
0.001125
0.001125
0.001125
0.001125
0.001125
0.001125
0.001125
0.001125
0.001125
0.001125
0.001125
0.001125
0.001125
0.001125
0.001125
0.001125
0.001125
0.001125
0.001125
0.001125
0.001125
0.001125
0.001125
0.001125
0.001125
0.001125
0.001125
0.001125
0.001125
0.001125
0.001125
0.001125
0.001125
0.001125
0.001125
0.001125
0.001125
0.001125
0.001125
0.001125
0.001125
0.001125
0.001125
0.001125
0.001125
0.001125
0.001125
0.001125
0.001125
0.001125
0.001125
0.001125
0.001125
0.001125
0.001125
0.001125
0.001125
0.001125
0.001125
0.001125
0.001125
0.001125
0.001125
0.001125
0.001125
0.001125
0.001125
0.001125
0.001125
0.001125
0.001125
0.001125
0.001125
0.001125
0.001125
0.001125
0.001125
0.001125
0.001125
0.001125
0.001125
0.001125
0.001125
0.001125
0.001125
0.001125
0.001125
0.001125
0.001125
0.001125
0.001125
0.001125
0.001125
0.001125
0.001125
0.001125
0.001125
0.001125
0.001125
0.001125
0.001125
0.001125
0.001125
0.001125
0.001125
0.001125
0.001125
0.001125
0.001125
0.001125
0.001125
0.001125
0.001125
0.001125
0.001125
0.001125
0.001125
0.001125
0.001125
0.001125
0.001125
0.001125
0.001125
0.001125
0.001125
0.001125
0.001125
0.001125
0.001125
0.001125
0.001125
0.001125
0.001125
0.001125
0.001125
0.001125
0.001125
0.001125
0.001125
0.00112499
0.00112499
0.00112499
0.001125
0.001125
0.001125
0.001125
0.001125
0.001125
0.001125
0.001125
0.001125
0.001125
0.001125
0.001125
0.001125
0.001125
0.001125
0.001125
0.001125
0.001125
0.001125
0.001125
0.001125
0.001125
0.001125
0.001125
0.001125
0.001125
0.001125
0.001125
0.001125
0.001125
0.001125
0.001125
0.001125
0.001125
0.001125
0.001125
0.001125
0.001125
0.001125
0.001125
0.001125
0.001125
0.001125
0.001125
0.001125
0.001125
0.001125
0.001125
0.001125
0.001125
0.001125
0.001125
0.001125
0.001125
0.001125
0.001125
0.001125
0.001125
0.001125
0.001125
0.001125
0.001125
0.001125
0.001125
0.001125
0.001125
0.001125
0.001125
0.001125
0.001125
0.001125
0.001125
0.001125
0.001125
0.001125
0.001125
0.001125
0.001125
0.001125
0.001125
0.001125
0.001125
0.001125
0.001125
0.001125
0.001125
0.001125
0.001125
0.001125
0.001125
0.001125
0.001125
0.001125
0.001125
0.001125
0.00112499
0.00112498
0.00112497
0.00112496
0.00112497
0.00112499
0.001125
0.001125
0.001125
0.001125
0.001125
0.001125
0.001125
0.001125
0.001125
0.001125
0.001125
0.001125
0.001125
0.001125
0.001125
0.001125
0.001125
0.001125
0.001125
0.001125
0.001125
0.001125
0.001125
0.001125
0.001125
0.001125
0.001125
0.001125
0.001125
0.001125
0.001125
0.001125
0.001125
0.001125
0.001125
0.001125
0.001125
0.001125
0.001125
0.001125
0.001125
0.001125
0.001125
0.001125
0.001125
0.001125
0.001125
0.001125
0.001125
0.001125
0.001125
0.001125
0.001125
0.001125
0.001125
0.001125
0.001125
0.001125
0.001125
0.001125
0.001125
0.001125
0.001125
0.001125
0.001125
0.001125
0.001125
0.001125
0.001125
0.001125
0.001125
0.001125
0.001125
0.001125
0.001125
0.001125
0.001125
0.001125
0.001125
0.001125
0.001125
0.001125
0.001125
0.001125
0.001125
0.001125
0.001125
0.001125
0.001125
0.001125
0.001125
0.001125
0.00112499
0.00112498
0.00112496
0.00112493
0.00112489
0.00112489
0.00112493
0.00112496
0.00112499
0.001125
0.001125
0.001125
0.001125
0.001125
0.001125
0.001125
0.001125
0.001125
0.001125
0.001125
0.001125
0.001125
0.001125
0.001125
0.001125
0.001125
0.001125
0.001125
0.001125
0.001125
0.001125
0.001125
0.001125
0.001125
0.001125
0.001125
0.001125
0.001125
0.001125
0.001125
0.001125
0.001125
0.001125
0.001125
0.001125
0.001125
0.001125
0.001125
0.001125
0.001125
0.001125
0.001125
0.001125
0.001125
0.001125
0.001125
0.001125
0.001125
0.001125
0.001125
0.001125
0.001125
0.001125
0.001125
0.001125
0.001125
0.001125
0.001125
0.001125
0.001125
0.001125
0.001125
0.001125
0.001125
0.001125
0.001125
0.001125
0.001125
0.001125
0.001125
0.001125
0.001125
0.001125
0.001125
0.001125
0.001125
0.001125
0.001125
0.001125
0.001125
0.001125
0.001125
0.001125
0.001125
0.001125
0.001125
0.001125
0.001125
0.001125
0.00112498
0.00112495
0.0011249
0.00112486
0.00112478
0.00112472
0.00112477
0.00112485
0.00112493
0.00112497
0.00112499
0.001125
0.001125
0.001125
0.001125
0.001125
0.001125
0.001125
0.001125
0.001125
0.001125
0.001125
0.001125
0.001125
0.001125
0.001125
0.001125
0.001125
0.001125
0.001125
0.001125
0.001125
0.001125
0.001125
0.001125
0.001125
0.001125
0.001125
0.001125
0.001125
0.001125
0.001125
0.001125
0.001125
0.001125
0.001125
0.001125
0.001125
0.001125
0.001125
0.001125
0.001125
0.001125
0.001125
0.001125
0.001125
0.001125
0.001125
0.001125
0.001125
0.001125
0.001125
0.001125
0.001125
0.001125
0.001125
0.001125
0.001125
0.001125
0.001125
0.001125
0.001125
0.001125
0.001125
0.001125
0.001125
0.001125
0.001125
0.001125
0.001125
0.001125
0.001125
0.001125
0.001125
0.001125
0.001125
0.001125
0.001125
0.001125
0.001125
0.001125
0.001125
0.001125
0.001125
0.001125
0.001125
0.001125
0.001125
0.001125
0.00112498
0.0011249
0.00112476
0.00112468
0.00112468
0.00112459
0.00112455
0.00112465
0.00112478
0.0011249
0.00112496
0.00112499
0.001125
0.001125
0.001125
0.001125
0.001125
0.001125
0.001125
0.001125
0.001125
0.001125
0.001125
0.001125
0.001125
0.001125
0.001125
0.001125
0.001125
0.001125
0.001125
0.001125
0.001125
0.001125
0.001125
0.001125
0.001125
0.001125
0.001125
0.001125
0.001125
0.001125
0.001125
0.001125
0.001125
0.001125
0.001125
0.001125
0.001125
0.001125
0.001125
0.001125
0.001125
0.001125
0.001125
0.001125
0.001125
0.001125
0.001125
0.001125
0.001125
0.001125
0.001125
0.001125
0.001125
0.001125
0.001125
0.001125
0.001125
0.001125
0.001125
0.001125
0.001125
0.001125
0.001125
0.001125
0.001125
0.001125
0.001125
0.001125
0.001125
0.001125
0.001125
0.001125
0.001125
0.001125
0.001125
0.001125
0.001125
0.001125
0.001125
0.001125
0.001125
0.001125
0.001125
0.001125
0.001125
0.001125
0.001125
0.00112497
0.00112487
0.00112452
0.001124
0.00112405
0.00112435
0.00112442
0.00112442
0.00112458
0.00112477
0.00112491
0.00112497
0.00112499
0.001125
0.001125
0.001125
0.001125
0.001125
0.001125
0.001125
0.001125
0.001125
0.001125
0.001125
0.001125
0.001125
0.001125
0.001125
0.001125
0.001125
0.001125
0.001125
0.001125
0.001125
0.001125
0.001125
0.001125
0.001125
0.001125
0.001125
0.001125
0.001125
0.001125
0.001125
0.001125
0.001125
0.001125
0.001125
0.001125
0.001125
0.001125
0.001125
0.001125
0.001125
0.001125
0.001125
0.001125
0.001125
0.001125
0.001125
0.001125
0.001125
0.001125
0.001125
0.001125
0.001125
0.001125
0.001125
0.001125
0.001125
0.001125
0.001125
0.001125
0.001125
0.001125
0.001125
0.001125
0.001125
0.001125
0.001125
0.001125
0.001125
0.001125
0.001125
0.001125
0.001125
0.001125
0.001125
0.001125
0.001125
0.001125
0.001125
0.001125
0.001125
0.001125
0.001125
0.001125
0.001125
0.00112498
0.00112495
0.0011248
0.00112431
0.0011228
0.00112118
0.00112162
0.00112248
0.00112325
0.00112358
0.00112442
0.00112474
0.00112493
0.00112498
0.001125
0.001125
0.001125
0.001125
0.001125
0.001125
0.001125
0.001125
0.001125
0.001125
0.001125
0.001125
0.001125
0.001125
0.001125
0.001125
0.001125
0.001125
0.001125
0.001125
0.001125
0.001125
0.001125
0.001125
0.001125
0.001125
0.001125
0.001125
0.001125
0.001125
0.001125
0.001125
0.001125
0.001125
0.001125
0.001125
0.001125
0.001125
0.001125
0.001125
0.001125
0.001125
0.001125
0.001125
0.001125
0.001125
0.001125
0.001125
0.001125
0.001125
0.001125
0.001125
0.001125
0.001125
0.001125
0.001125
0.001125
0.001125
0.001125
0.001125
0.001125
0.001125
0.001125
0.001125
0.001125
0.001125
0.001125
0.001125
0.001125
0.001125
0.001125
0.001125
0.001125
0.001125
0.001125
0.001125
0.001125
0.001125
0.001125
0.001125
0.001125
0.001125
0.001125
0.001125
0.00112499
0.00112496
0.00112481
0.00112446
0.00112336
0.00112124
0.00111447
0.00110963
0.00110927
0.00111033
0.00111382
0.00111608
0.00112194
0.0011234
0.00112459
0.00112488
0.00112498
0.001125
0.001125
0.001125
0.001125
0.001125
0.001125
0.001125
0.001125
0.001125
0.001125
0.001125
0.001125
0.001125
0.001125
0.001125
0.001125
0.001125
0.001125
0.001125
0.001125
0.001125
0.001125
0.001125
0.001125
0.001125
0.001125
0.001125
0.001125
0.001125
0.001125
0.001125
0.001125
0.001125
0.001125
0.001125
0.001125
0.001125
0.001125
0.001125
0.001125
0.001125
0.001125
0.001125
0.001125
0.001125
0.001125
0.001125
0.001125
0.001125
0.001125
0.001125
0.001125
0.001125
0.001125
0.001125
0.001125
0.001125
0.001125
0.001125
0.001125
0.001125
0.001125
0.001125
0.001125
0.001125
0.001125
0.001125
0.001125
0.001125
0.001125
0.001125
0.001125
0.001125
0.001125
0.001125
0.001125
0.001125
0.001125
0.001125
0.001125
0.001125
0.001125
0.00112499
0.00112493
0.00112458
0.00112318
0.00112039
0.0011125
0.00110211
0.00107171
0.00105988
0.00105053
0.00104939
0.00106197
0.00107054
0.00110254
0.00111213
0.00112113
0.00112368
0.00112473
0.00112496
0.001125
0.001125
0.001125
0.001125
0.001125
0.001125
0.001125
0.001125
0.001125
0.001125
0.001125
0.001125
0.001125
0.001125
0.001125
0.001125
0.001125
0.001125
0.001125
0.001125
0.001125
0.001125
0.001125
0.001125
0.001125
0.001125
0.001125
0.001125
0.001125
0.001125
0.001125
0.001125
0.001125
0.001125
0.001125
0.001125
0.001125
0.001125
0.001125
0.001125
0.001125
0.001125
0.001125
0.001125
0.001125
0.001125
0.001125
0.001125
0.001125
0.001125
0.001125
0.001125
0.001125
0.001125
0.001125
0.001125
0.001125
0.001125
0.001125
0.001125
0.001125
0.001125
0.001125
0.001125
0.001125
0.001125
0.001125
0.001125
0.001125
0.001125
0.001125
0.001125
0.001125
0.001125
0.001125
0.001125
0.001125
0.001125
0.001125
0.001125
0.00112498
0.0011249
0.00112437
0.00112152
0.00111159
0.00109443
0.00105109
0.00100529
0.000894961
0.000874053
0.000837694
0.00083123
0.000864721
0.000888958
0.00100681
0.00104915
0.00109787
0.00111428
0.00112244
0.00112458
0.00112495
0.00112499
0.001125
0.001125
0.001125
0.001125
0.001125
0.001125
0.001125
0.001125
0.001125
0.001125
0.001125
0.001125
0.001125
0.001125
0.001125
0.001125
0.001125
0.001125
0.001125
0.001125
0.001125
0.001125
0.001125
0.001125
0.001125
0.001125
0.001125
0.001125
0.001125
0.001125
0.001125
0.001125
0.001125
0.001125
0.001125
0.001125
0.001125
0.001125
0.001125
0.001125
0.001125
0.001125
0.001125
0.001125
0.001125
0.001125
0.001125
0.001125
0.001125
0.001125
0.001125
0.001125
0.001125
0.001125
0.001125
0.001125
0.001125
0.001125
0.001125
0.001125
0.001125
0.001125
0.001125
0.001125
0.001125
0.001125
0.001125
0.001125
0.001125
0.001125
0.001125
0.001125
0.001125
0.001125
0.001125
0.001125
0.001125
0.00112499
0.0011249
0.00112427
0.00112039
0.0011025
0.00105054
0.000976489
0.000815151
0.000680693
0.000431391
0.00039297
0.000330615
0.000326465
0.000388384
0.000437032
0.000692736
0.000809479
0.000987437
0.00106082
0.00110653
0.00112139
0.00112448
0.00112494
0.00112499
0.001125
0.001125
0.001125
0.001125
0.001125
0.001125
0.001125
0.001125
0.001125
0.001125
0.001125
0.001125
0.001125
0.001125
0.001125
0.001125
0.001125
0.001125
0.001125
0.001125
0.001125
0.001125
0.001125
0.001125
0.001125
0.001125
0.001125
0.001125
0.001125
0.001125
0.001125
0.001125
0.001125
0.001125
0.001125
0.001125
0.001125
0.001125
0.001125
0.001125
0.001125
0.001125
0.001125
0.001125
0.001125
0.001125
0.001125
0.001125
0.001125
0.001125
0.001125
0.001125
0.001125
0.001125
0.001125
0.001125
0.001125
0.001125
0.001125
0.001125
0.001125
0.001125
0.001125
0.001125
0.001125
0.001125
0.001125
0.001125
0.001125
0.001125
0.001125
0.001125
0.001125
0.001125
0.001125
0.00112499
0.00112492
0.00112434
0.00112028
0.00109843
0.00101611
0.000828837
0.000625971
0.000276104
6.39081e-05
-0.000136159
-0.000233062
-0.000291159
-0.000283423
-0.000202545
-0.000108913
9.20623e-05
0.000266925
0.000646896
0.00085407
0.0010281
0.00110156
0.00112092
0.00112447
0.00112495
0.001125
0.001125
0.001125
0.001125
0.001125
0.001125
0.001125
0.001125
0.001125
0.001125
0.001125
0.001125
0.001125
0.001125
0.001125
0.001125
0.001125
0.001125
0.001125
0.001125
0.001125
0.001125
0.001125
0.001125
0.001125
0.001125
0.001125
0.001125
0.001125
0.001125
0.001125
0.001125
0.001125
0.001125
0.001125
0.001125
0.001125
0.001125
0.001125
0.001125
0.001125
0.001125
0.001125
0.001125
0.001125
0.001125
0.001125
0.001125
0.001125
0.001125
0.001125
0.001125
0.001125
0.001125
0.001125
0.001125
0.001125
0.001125
0.001125
0.001125
0.001125
0.001125
0.001125
0.001125
0.001125
0.001125
0.001125
0.001125
0.001125
0.001125
0.001125
0.001125
0.001125
0.001125
0.001125
0.00112495
0.0011245
0.00112097
0.00109986
0.00100919
0.000752844
0.000346729
4.05142e-05
-0.000243897
-0.00047482
-0.00072645
-0.0007968
-0.000822483
-0.000809101
-0.000754168
-0.000701408
-0.000463088
-0.000251419
6.25783e-05
0.000381189
0.000774788
0.00101506
0.00110106
0.00112123
0.00112456
0.00112496
0.001125
0.001125
0.001125
0.001125
0.001125
0.001125
0.001125
0.001125
0.001125
0.001125
0.001125
0.001125
0.001125
0.001125
0.001125
0.001125
0.001125
0.001125
0.001125
0.001125
0.001125
0.001125
0.001125
0.001125
0.001125
0.001125
0.001125
0.001125
0.001125
0.001125
0.001125
0.001125
0.001125
0.001125
0.001125
0.001125
0.001125
0.001125
0.001125
0.001125
0.001125
0.001125
0.001125
0.001125
0.001125
0.001125
0.001125
0.001125
0.001125
0.001125
0.001125
0.001125
0.001125
0.001125
0.001125
0.001125
0.001125
0.001125
0.001125
0.001125
0.001125
0.001125
0.001125
0.001125
0.001125
0.001125
0.001125
0.001125
0.001125
0.001125
0.001125
0.001125
0.001125
0.00112497
0.00112467
0.00112207
0.00110495
0.00102335
0.000764043
0.000293518
-7.99522e-05
-0.000430471
-0.000774064
-0.000918365
-0.00102069
-0.0010441
-0.00105024
-0.00104349
-0.00102278
-0.00101016
-0.000915219
-0.000773104
-0.00039757
-5.13331e-05
0.000316576
0.000770468
0.00102509
0.00110559
0.00112226
0.00112471
0.00112498
0.001125
0.001125
0.001125
0.001125
0.001125
0.001125
0.001125
0.001125
0.001125
0.001125
0.001125
0.001125
0.001125
0.001125
0.001125
0.001125
0.001125
0.001125
0.001125
0.001125
0.001125
0.001125
0.001125
0.001125
0.001125
0.001125
0.001125
0.001125
0.001125
0.001125
0.001125
0.001125
0.001125
0.001125
0.001125
0.001125
0.001125
0.001125
0.001125
0.001125
0.001125
0.001125
0.001125
0.001125
0.001125
0.001125
0.001125
0.001125
0.001125
0.001125
0.001125
0.001125
0.001125
0.001125
0.001125
0.001125
0.001125
0.001125
0.001125
0.001125
0.001125
0.001125
0.001125
0.001125
0.001125
0.001125
0.001125
0.001125
0.001125
0.001125
0.001125
0.00112499
0.00112484
0.00112345
0.0011131
0.00105658
0.000845372
0.000374419
-5.22897e-05
-0.000564123
-0.000865986
-0.0010307
-0.00108119
-0.00110584
-0.00111076
-0.00111163
-0.00110972
-0.00110457
-0.00110317
-0.00108118
-0.00103037
-0.000851389
-0.000547844
-4.63932e-05
0.000377536
0.000848846
0.00105856
0.00111373
0.00112358
0.00112486
0.00112499
0.00112499
0.00112498
0.00112498
0.00112499
0.001125
0.001125
0.001125
0.001125
0.001125
0.001125
0.001125
0.001125
0.001125
0.001125
0.001125
0.001125
0.001125
0.001125
0.001125
0.001125
0.001125
0.001125
0.001125
0.001125
0.001125
0.001125
0.001125
0.001125
0.001125
0.001125
0.001125
0.001125
0.001125
0.001125
0.001125
0.001125
0.001125
0.001125
0.001125
0.001125
0.001125
0.001125
0.001125
0.001125
0.001125
0.001125
0.001125
0.001125
0.001125
0.001125
0.001125
0.001125
0.001125
0.001125
0.001125
0.001125
0.001125
0.001125
0.001125
0.001125
0.001125
0.001125
0.001125
0.001125
0.001125
0.001125
0.001125
0.001125
0.001125
0.001125
0.00112495
0.00112448
0.00112039
0.00109411
0.000974508
0.000620753
3.77742e-05
-0.000412682
-0.000861335
-0.00104801
-0.00110539
-0.00111812
-0.00112236
-0.00112312
-0.00112319
-0.00112283
-0.0011219
-0.0011219
-0.00111837
-0.0011051
-0.00104214
-0.000848928
-0.000397352
6.49545e-05
0.000648486
0.000987758
0.00109787
0.00112111
0.00112458
0.00112496
0.00112496
0.00112493
0.00112494
0.00112496
0.00112498
0.001125
0.001125
0.001125
0.001125
0.001125
0.001125
0.001125
0.001125
0.001125
0.001125
0.001125
0.001125
0.001125
0.001125
0.001125
0.001125
0.001125
0.001125
0.001125
0.001125
0.001125
0.001125
0.001125
0.001125
0.001125
0.001125
0.001125
0.001125
0.001125
0.001125
0.001125
0.001125
0.001125
0.001125
0.001125
0.001125
0.001125
0.001125
0.001125
0.001125
0.001125
0.001125
0.001125
0.001125
0.001125
0.001125
0.001125
0.001125
0.001125
0.001125
0.001125
0.001125
0.001125
0.001125
0.001125
0.001125
0.001125
0.001125
0.001125
0.001125
0.001125
0.001125
0.001125
0.001125
0.00112498
0.00112482
0.00112322
0.00111123
0.00104538
0.000799229
0.00025025
-0.000276083
-0.000788192
-0.0010359
-0.00110681
-0.00112164
-0.00112413
-0.00112471
-0.0011248
-0.0011248
-0.00112475
-0.00112462
-0.00112465
-0.00112418
-0.00112122
-0.001104
-0.00102868
-0.000776229
-0.000254047
0.000267728
0.000810973
0.00104972
0.00111224
0.0011234
0.00112483
0.00112486
0.00112483
0.00112485
0.0011249
0.00112495
0.00112499
0.001125
0.001125
0.001125
0.001125
0.001125
0.001125
0.001125
0.001125
0.001125
0.001125
0.001125
0.001125
0.001125
0.001125
0.001125
0.001125
0.001125
0.001125
0.001125
0.001125
0.001125
0.001125
0.001125
0.001125
0.001125
0.001125
0.001125
0.001125
0.001125
0.001125
0.001125
0.001125
0.001125
0.001125
0.001125
0.001125
0.001125
0.001125
0.001125
0.001125
0.001125
0.001125
0.001125
0.001125
0.001125
0.001125
0.001125
0.001125
0.001125
0.001125
0.001125
0.001125
0.001125
0.001125
0.001125
0.001125
0.001125
0.001125
0.001125
0.001125
0.001125
0.001125
0.00112499
0.00112492
0.00112444
0.00112099
0.00109943
0.000998331
0.000679805
8.65749e-05
-0.00047325
-0.000919585
-0.00108219
-0.00111854
-0.00112421
-0.00112488
-0.00112496
-0.00112497
-0.00112497
-0.00112497
-0.00112495
-0.00112496
-0.00112487
-0.00112404
-0.00111785
-0.00108043
-0.000914396
-0.000456819
0.000106431
0.000709541
0.00101486
0.00110471
0.00112229
0.00112464
0.00112469
0.00112471
0.00112475
0.00112483
0.00112491
0.00112497
0.00112499
0.001125
0.001125
0.001125
0.001125
0.001125
0.001125
0.001125
0.001125
0.001125
0.001125
0.001125
0.001125
0.001125
0.001125
0.001125
0.001125
0.001125
0.001125
0.001125
0.001125
0.001125
0.001125
0.001125
0.001125
0.001125
0.001125
0.001125
0.001125
0.001125
0.001125
0.001125
0.001125
0.001125
0.001125
0.001125
0.001125
0.001125
0.001125
0.001125
0.001125
0.001125
0.001125
0.001125
0.001125
0.001125
0.001125
0.001125
0.001125
0.001125
0.001125
0.001125
0.001125
0.001125
0.001125
0.001125
0.001125
0.001125
0.001125
0.001125
0.001125
0.00112499
0.00112494
0.00112466
0.00112308
0.00111403
0.00106758
0.000887278
0.000439419
-0.00010776
-0.000699912
-0.00100922
-0.00110285
-0.00112183
-0.00112464
-0.00112496
-0.00112499
-0.00112499
-0.00112499
-0.00112499
-0.00112499
-0.00112499
-0.00112496
-0.00112466
-0.001122
-0.00110356
-0.00100981
-0.000692996
-8.3521e-05
0.000466779
0.000909466
0.00107774
0.00111759
0.00112394
0.0011245
0.0011246
0.00112468
0.00112478
0.00112489
0.00112496
0.00112499
0.001125
0.001125
0.001125
0.001125
0.001125
0.001125
0.001125
0.001125
0.001125
0.001125
0.001125
0.001125
0.001125
0.001125
0.001125
0.001125
0.001125
0.001125
0.001125
0.001125
0.001125
0.001125
0.001125
0.001125
0.001125
0.001125
0.001125
0.001125
0.001125
0.001125
0.001125
0.001125
0.001125
0.001125
0.001125
0.001125
0.001125
0.001125
0.001125
0.001125
0.001125
0.001125
0.001125
0.001125
0.001125
0.001125
0.001125
0.001125
0.001125
0.001125
0.001125
0.001125
0.001125
0.001125
0.001125
0.001125
0.001125
0.001125
0.001125
0.00112499
0.00112496
0.00112481
0.00112409
0.0011209
0.00110683
0.00104881
0.000852636
0.000389876
-0.000202855
-0.000753217
-0.0010225
-0.00110463
-0.00112195
-0.00112464
-0.00112496
-0.00112499
-0.00112499
-0.00112499
-0.00112499
-0.00112499
-0.00112499
-0.00112497
-0.0011248
-0.00112309
-0.00111046
-0.00104216
-0.00078897
-0.000215813
0.000407625
0.000895103
0.00107582
0.00111725
0.00112353
0.00112435
0.00112454
0.00112464
0.00112478
0.00112491
0.00112497
0.00112499
0.001125
0.001125
0.001125
0.001125
0.001125
0.001125
0.001125
0.001125
0.001125
0.001125
0.001125
0.001125
0.001125
0.001125
0.001125
0.001125
0.001125
0.001125
0.001125
0.001125
0.001125
0.001125
0.001125
0.001125
0.001125
0.001125
0.001125
0.001125
0.001125
0.001125
0.001125
0.001125
0.001125
0.001125
0.001125
0.001125
0.001125
0.001125
0.001125
0.001125
0.001125
0.001125
0.001125
0.001125
0.001125
0.001125
0.001125
0.001125
0.001125
0.001125
0.001125
0.001125
0.001125
0.001125
0.001125
0.001125
0.001125
0.001125
0.001125
0.00112498
0.00112492
0.00112472
0.00112415
0.00112193
0.00111027
0.00105289
0.000840559
0.000332296
-0.00028473
-0.000814589
-0.00104645
-0.00111058
-0.00112299
-0.00112478
-0.00112497
-0.00112499
-0.00112499
-0.00112498
-0.00112498
-0.00112499
-0.00112499
-0.00112498
-0.00112482
-0.00112329
-0.00111213
-0.00105169
-0.000824036
-0.000288173
0.000335622
0.000848677
0.00105852
0.00111248
0.00112225
0.00112387
0.00112434
0.0011246
0.00112482
0.00112494
0.00112499
0.001125
0.001125
0.001125
0.001125
0.001125
0.001125
0.001125
0.001125
0.001125
0.001125
0.001125
0.001125
0.001125
0.001125
0.001125
0.001125
0.001125
0.001125
0.001125
0.001125
0.001125
0.001125
0.001125
0.001125
0.001125
0.001125
0.001125
0.001125
0.001125
0.001125
0.001125
0.001125
0.001125
0.001125
0.001125
0.001125
0.001125
0.001125
0.001125
0.001125
0.001125
0.001125
0.001125
0.001125
0.001125
0.001125
0.001125
0.001125
0.001125
0.001125
0.001125
0.001125
0.001125
0.001125
0.001125
0.001125
0.001125
0.001125
0.001125
0.00112499
0.00112497
0.00112489
0.00112471
0.00112434
0.00112289
0.00111334
0.00105985
0.000848859
0.000328528
-0.000299658
-0.000833113
-0.00105519
-0.00111296
-0.00112343
-0.00112483
-0.00112498
-0.00112499
-0.00112499
-0.00112498
-0.00112499
-0.00112499
-0.00112499
-0.00112497
-0.00112473
-0.00112267
-0.00110869
-0.00103886
-0.000795802
-0.00026199
0.000347212
0.000841127
0.0010495
0.00110768
0.00112037
0.00112318
0.00112417
0.00112467
0.0011249
0.00112498
0.001125
0.001125
0.001125
0.001125
0.001125
0.001125
0.001125
0.001125
0.001125
0.001125
0.001125
0.001125
0.001125
0.001125
0.001125
0.001125
0.001125
0.001125
0.001125
0.001125
0.001125
0.001125
0.001125
0.001125
0.001125
0.001125
0.001125
0.001125
0.001125
0.001125
0.001125
0.001125
0.001125
0.001125
0.001125
0.001125
0.001125
0.001125
0.001125
0.001125
0.001125
0.001125
0.001125
0.001125
0.001125
0.001125
0.001125
0.001125
0.001125
0.001125
0.001125
0.001125
0.001125
0.001125
0.001125
0.001125
0.001125
0.001125
0.001125
0.001125
0.00112499
0.00112495
0.00112484
0.00112464
0.00112439
0.00112352
0.00111674
0.00107396
0.000888085
0.000391589
-0.00023638
-0.000801959
-0.0010465
-0.00111137
-0.00112322
-0.00112481
-0.00112498
-0.00112499
-0.00112499
-0.00112499
-0.00112499
-0.00112499
-0.00112499
-0.00112495
-0.00112461
-0.00112173
-0.00110347
-0.00101832
-0.000744041
-0.000192319
0.000399409
0.000854878
0.00104758
0.00110541
0.00112002
0.0011236
0.00112457
0.00112487
0.00112497
0.00112499
0.001125
0.001125
0.001125
0.001125
0.001125
0.001125
0.001125
0.001125
0.001125
0.001125
0.001125
0.001125
0.001125
0.001125
0.001125
0.001125
0.001125
0.001125
0.001125
0.001125
0.001125
0.001125
0.001125
0.001125
0.001125
0.001125
0.001125
0.001125
0.001125
0.001125
0.001125
0.001125
0.001125
0.001125
0.001125
0.001125
0.001125
0.001125
0.001125
0.001125
0.001125
0.001125
0.001125
0.001125
0.001125
0.001125
0.001125
0.001125
0.001125
0.001125
0.001125
0.001125
0.001125
0.001125
0.001125
0.001125
0.001125
0.001125
0.001125
0.00112499
0.00112497
0.00112491
0.00112476
0.00112457
0.0011244
0.00112363
0.00111696
0.0010749
0.000900209
0.000448989
-0.000104916
-0.000705436
-0.00101304
-0.00110398
-0.00112202
-0.00112466
-0.00112496
-0.00112499
-0.00112499
-0.00112499
-0.00112499
-0.00112499
-0.00112498
-0.00112495
-0.00112465
-0.00112189
-0.00110308
-0.00100992
-0.000701598
-0.000110254
0.000439757
0.000888728
0.00106848
0.00111408
0.00112288
0.00112452
0.00112488
0.00112497
0.00112499
0.001125
0.001125
0.001125
0.001125
0.001125
0.001125
0.001125
0.001125
0.001125
0.001125
0.001125
0.001125
0.001125
0.001125
0.001125
0.001125
0.001125
0.001125
0.001125
0.001125
0.001125
0.001125
0.001125
0.001125
0.001125
0.001125
0.001125
0.001125
0.001125
0.001125
0.001125
0.001125
0.001125
0.001125
0.001125
0.001125
0.001125
0.001125
0.001125
0.001125
0.001125
0.001125
0.001125
0.001125
0.001125
0.001125
0.001125
0.001125
0.001125
0.001125
0.001125
0.001125
0.001125
0.001125
0.001125
0.001125
0.001125
0.001125
0.001125
0.001125
0.00112499
0.00112496
0.00112489
0.00112478
0.00112467
0.00112457
0.00112439
0.00112197
0.00110273
0.00100614
0.000685837
7.31571e-05
-0.000481062
-0.000920321
-0.0010811
-0.00111797
-0.00112408
-0.00112488
-0.00112496
-0.00112495
-0.00112497
-0.00112498
-0.00112497
-0.00112494
-0.00112482
-0.0011241
-0.00111826
-0.00108081
-0.000914169
-0.000462314
8.606e-05
0.000683618
0.00100164
0.0011007
0.00112124
0.00112443
0.00112489
0.00112498
0.001125
0.001125
0.001125
0.001125
0.001125
0.001125
0.001125
0.001125
0.001125
0.001125
0.001125
0.001125
0.001125
0.001125
0.001125
0.001125
0.001125
0.001125
0.001125
0.001125
0.001125
0.001125
0.001125
0.001125
0.001125
0.001125
0.001125
0.001125
0.001125
0.001125
0.001125
0.001125
0.001125
0.001125
0.001125
0.001125
0.001125
0.001125
0.001125
0.001125
0.001125
0.001125
0.001125
0.001125
0.001125
0.001125
0.001125
0.001125
0.001125
0.001125
0.001125
0.001125
0.001125
0.001125
0.001125
0.001125
0.001125
0.001125
0.001125
0.001125
0.001125
0.001125
0.00112499
0.00112497
0.00112492
0.00112485
0.00112478
0.00112476
0.00112471
0.00112325
0.00111112
0.00104442
0.000795205
0.00024312
-0.000274675
-0.000774795
-0.00102632
-0.00110391
-0.00112129
-0.0011242
-0.00112467
-0.00112461
-0.00112474
-0.00112482
-0.0011248
-0.0011246
-0.00112384
-0.00112086
-0.0011045
-0.00102811
-0.000761919
-0.000223511
0.000289547
0.000819076
0.00105159
0.00111253
0.00112341
0.00112483
0.00112498
0.001125
0.001125
0.001125
0.001125
0.001125
0.001125
0.001125
0.001125
0.001125
0.001125
0.001125
0.001125
0.001125
0.001125
0.001125
0.001125
0.001125
0.001125
0.001125
0.001125
0.001125
0.001125
0.001125
0.001125
0.001125
0.001125
0.001125
0.001125
0.001125
0.001125
0.001125
0.001125
0.001125
0.001125
0.001125
0.001125
0.001125
0.001125
0.001125
0.001125
0.001125
0.001125
0.001125
0.001125
0.001125
0.001125
0.001125
0.001125
0.001125
0.001125
0.001125
0.001125
0.001125
0.001125
0.001125
0.001125
0.001125
0.001125
0.001125
0.001125
0.001125
0.001125
0.001125
0.001125
0.00112498
0.00112496
0.00112492
0.00112489
0.0011249
0.00112492
0.00112453
0.00112067
0.0010952
0.000977046
0.000623477
4.21855e-05
-0.00039681
-0.000843831
-0.00104258
-0.00110503
-0.00111846
-0.00112204
-0.00112178
-0.00112273
-0.00112336
-0.00112317
-0.00112187
-0.0011174
-0.00110302
-0.00104182
-0.000859048
-0.000412347
6.39206e-05
0.000644512
0.000984226
0.00109651
0.00112079
0.00112453
0.00112496
0.001125
0.001125
0.001125
0.001125
0.001125
0.001125
0.001125
0.001125
0.001125
0.001125
0.001125
0.001125
0.001125
0.001125
0.001125
0.001125
0.001125
0.001125
0.001125
0.001125
0.001125
0.001125
0.001125
0.001125
0.001125
0.001125
0.001125
0.001125
0.001125
0.001125
0.001125
0.001125
0.001125
0.001125
0.001125
0.001125
0.001125
0.001125
0.001125
0.001125
0.001125
0.001125
0.001125
0.001125
0.001125
0.001125
0.001125
0.001125
0.001125
0.001125
0.001125
0.001125
0.001125
0.001125
0.001125
0.001125
0.001125
0.001125
0.001125
0.001125
0.001125
0.001125
0.001125
0.001125
0.001125
0.00112499
0.00112499
0.00112497
0.00112496
0.00112497
0.00112498
0.00112486
0.00112351
0.00111322
0.00105614
0.000841832
0.000368036
-5.43191e-05
-0.000550875
-0.000860634
-0.00102988
-0.00108186
-0.00110403
-0.00110377
-0.00110909
-0.00111257
-0.00111112
-0.00110355
-0.00108027
-0.00102525
-0.000841759
-0.000545365
-5.62043e-05
0.000379049
0.000849414
0.00105788
0.00111334
0.00112348
0.00112485
0.00112499
0.001125
0.001125
0.001125
0.001125
0.001125
0.001125
0.001125
0.001125
0.001125
0.001125
0.001125
0.001125
0.001125
0.001125
0.001125
0.001125
0.001125
0.001125
0.001125
0.001125
0.001125
0.001125
0.001125
0.001125
0.001125
0.001125
0.001125
0.001125
0.001125
0.001125
0.001125
0.001125
0.001125
0.001125
0.001125
0.001125
0.001125
0.001125
0.001125
0.001125
0.001125
0.001125
0.001125
0.001125
0.001125
0.001125
0.001125
0.001125
0.001125
0.001125
0.001125
0.001125
0.001125
0.001125
0.001125
0.001125
0.001125
0.001125
0.001125
0.001125
0.001125
0.001125
0.001125
0.001125
0.001125
0.001125
0.001125
0.00112499
0.00112499
0.00112499
0.001125
0.00112498
0.00112469
0.00112213
0.00110481
0.00102166
0.000760809
0.000301839
-5.5437e-05
-0.000414838
-0.000767138
-0.000918314
-0.00101417
-0.00101925
-0.00104046
-0.00105368
-0.00104534
-0.00101124
-0.000918394
-0.000771894
-0.000388943
-4.00865e-05
0.000310877
0.000769742
0.00102464
0.00110509
0.00112205
0.00112466
0.00112497
0.001125
0.001125
0.001125
0.001125
0.001125
0.001125
0.001125
0.001125
0.001125
0.001125
0.001125
0.001125
0.001125
0.001125
0.001125
0.001125
0.001125
0.001125
0.001125
0.001125
0.001125
0.001125
0.001125
0.001125
0.001125
0.001125
0.001125
0.001125
0.001125
0.001125
0.001125
0.001125
0.001125
0.001125
0.001125
0.001125
0.001125
0.001125
0.001125
0.001125
0.001125
0.001125
0.001125
0.001125
0.001125
0.001125
0.001125
0.001125
0.001125
0.001125
0.001125
0.001125
0.001125
0.001125
0.001125
0.001125
0.001125
0.001125
0.001125
0.001125
0.001125
0.001125
0.001125
0.001125
0.001125
0.001125
0.001125
0.001125
0.001125
0.001125
0.001125
0.001125
0.001125
0.00112496
0.00112453
0.00112102
0.0010999
0.00101065
0.000765829
0.000377426
5.37685e-05
-0.000232668
-0.000473061
-0.000713708
-0.000744632
-0.000799406
-0.000829593
-0.00079842
-0.000699055
-0.000475698
-0.00026577
5.65196e-05
0.00038035
0.000767548
0.00101275
0.00110034
0.00112093
0.00112445
0.00112493
0.00112499
0.001125
0.001125
0.001125
0.001125
0.001125
0.001125
0.001125
0.001125
0.001125
0.001125
0.001125
0.001125
0.001125
0.001125
0.001125
0.001125
0.001125
0.001125
0.001125
0.001125
0.001125
0.001125
0.001125
0.001125
0.001125
0.001125
0.001125
0.001125
0.001125
0.001125
0.001125
0.001125
0.001125
0.001125
0.001125
0.001125
0.001125
0.001125
0.001125
0.001125
0.001125
0.001125
0.001125
0.001125
0.001125
0.001125
0.001125
0.001125
0.001125
0.001125
0.001125
0.001125
0.001125
0.001125
0.001125
0.001125
0.001125
0.001125
0.001125
0.001125
0.001125
0.001125
0.001125
0.001125
0.001125
0.001125
0.001125
0.001125
0.001125
0.001125
0.001125
0.001125
0.001125
0.001125
0.00112494
0.00112443
0.00112069
0.00110046
0.00102529
0.000852229
0.000644276
0.000279842
6.8833e-05
-0.000128333
-0.000188156
-0.000264292
-0.000295905
-0.000230565
-9.15499e-05
8.04036e-05
0.000252997
0.00062697
0.000842945
0.00102184
0.00109974
0.00112044
0.00112429
0.00112487
0.00112497
0.00112499
0.001125
0.001125
0.001125
0.001125
0.001125
0.001125
0.001125
0.001125
0.001125
0.001125
0.001125
0.001125
0.001125
0.001125
0.001125
0.001125
0.001125
0.001125
0.001125
0.001125
0.001125
0.001125
0.001125
0.001125
0.001125
0.001125
0.001125
0.001125
0.001125
0.001125
0.001125
0.001125
0.001125
0.001125
0.001125
0.001125
0.001125
0.001125
0.001125
0.001125
0.001125
0.001125
0.001125
0.001125
0.001125
0.001125
0.001125
0.001125
0.001125
0.001125
0.001125
0.001125
0.001125
0.001125
0.001125
0.001125
0.001125
0.001125
0.001125
0.001125
0.001125
0.001125
0.001125
0.001125
0.001125
0.001125
0.001125
0.001125
0.001125
0.001125
0.001125
0.001125
0.001125
0.001125
0.00112499
0.00112494
0.00112445
0.00112122
0.00110596
0.00106026
0.000986799
0.000815068
0.000673545
0.000428379
0.000404596
0.000348429
0.000331885
0.000396163
0.000464332
0.000693103
0.000801452
0.000975495
0.00105446
0.00110396
0.00112067
0.00112426
0.00112485
0.00112496
0.00112499
0.001125
0.001125
0.001125
0.001125
0.001125
0.001125
0.001125
0.001125
0.001125
0.001125
0.001125
0.001125
0.001125
0.001125
0.001125
0.001125
0.001125
0.001125
0.001125
0.001125
0.001125
0.001125
0.001125
0.001125
0.001125
0.001125
0.001125
0.001125
0.001125
0.001125
0.001125
0.001125
0.001125
0.001125
0.001125
0.001125
0.001125
0.001125
0.001125
0.001125
0.001125
0.001125
0.001125
0.001125
0.001125
0.001125
0.001125
0.001125
0.001125
0.001125
0.001125
0.001125
0.001125
0.001125
0.001125
0.001125
0.001125
0.001125
0.001125
0.001125
0.001125
0.001125
0.001125
0.001125
0.001125
0.001125
0.001125
0.001125
0.001125
0.001125
0.001125
0.001125
0.001125
0.001125
0.001125
0.001125
0.00112499
0.00112495
0.00112457
0.00112236
0.00111417
0.00109772
0.00105071
0.000998869
0.000885508
0.000870393
0.000845945
0.00084417
0.000888542
0.000909901
0.00100954
0.00104649
0.00109408
0.0011124
0.00112179
0.00112439
0.00112486
0.00112496
0.00112499
0.001125
0.001125
0.001125
0.001125
0.001125
0.001125
0.001125
0.001125
0.001125
0.001125
0.001125
0.001125
0.001125
0.001125
0.001125
0.001125
0.001125
0.001125
0.001125
0.001125
0.001125
0.001125
0.001125
0.001125
0.001125
0.001125
0.001125
0.001125
0.001125
0.001125
0.001125
0.001125
0.001125
0.001125
0.001125
0.001125
0.001125
0.001125
0.001125
0.001125
0.001125
0.001125
0.001125
0.001125
0.001125
0.001125
0.001125
0.001125
0.001125
0.001125
0.001125
0.001125
0.001125
0.001125
0.001125
0.001125
0.001125
0.001125
0.001125
0.001125
0.001125
0.001125
0.001125
0.001125
0.001125
0.001125
0.001125
0.001125
0.001125
0.001125
0.001125
0.001125
0.001125
0.001125
0.001125
0.001125
0.001125
0.001125
0.001125
0.00112496
0.00112472
0.00112366
0.00112109
0.00111243
0.00110048
0.00106949
0.00106234
0.00105455
0.0010548
0.00107111
0.00107727
0.00110341
0.00111155
0.00112034
0.00112331
0.00112462
0.00112492
0.00112497
0.00112499
0.001125
0.001125
0.001125
0.001125
0.001125
0.001125
0.001125
0.001125
0.001125
0.001125
0.001125
0.001125
0.001125
0.001125
0.001125
0.001125
0.001125
0.001125
0.001125
0.001125
0.001125
0.001125
0.001125
0.001125
0.001125
0.001125
0.001125
0.001125
0.001125
0.001125
0.001125
0.001125
0.001125
0.001125
0.001125
0.001125
0.001125
0.001125
0.001125
0.001125
0.001125
0.001125
0.001125
0.001125
0.001125
0.001125
0.001125
0.001125
0.001125
0.001125
0.001125
0.001125
0.001125
0.001125
0.001125
0.001125
0.001125
0.001125
0.001125
0.001125
0.001125
0.001125
0.001125
0.001125
0.001125
0.001125
0.001125
0.001125
0.001125
0.001125
0.001125
0.001125
0.001125
0.001125
0.001125
0.001125
0.001125
0.001125
0.001125
0.001125
0.001125
0.00112498
0.00112487
0.00112458
0.00112343
0.00112154
0.0011158
0.00111366
0.00111159
0.00111112
0.00111409
0.00111617
0.00112157
0.00112323
0.00112446
0.00112482
0.00112496
0.00112499
0.00112499
0.001125
0.001125
0.001125
0.001125
0.001125
0.001125
0.001125
0.001125
0.001125
0.001125
0.001125
0.001125
0.001125
0.001125
0.001125
0.001125
0.001125
0.001125
0.001125
0.001125
0.001125
0.001125
0.001125
0.001125
0.001125
0.001125
0.001125
0.001125
0.001125
0.001125
0.001125
0.001125
0.001125
0.001125
0.001125
0.001125
0.001125
0.001125
0.001125
0.001125
0.001125
0.001125
0.001125
0.001125
0.001125
0.001125
0.001125
0.001125
0.001125
0.001125
0.001125
0.001125
0.001125
0.001125
0.001125
0.001125
0.001125
0.001125
0.001125
0.001125
0.001125
0.001125
0.001125
0.001125
0.001125
0.001125
0.001125
0.001125
0.001125
0.001125
0.001125
0.001125
0.001125
0.001125
0.001125
0.001125
0.001125
0.001125
0.001125
0.001125
0.001125
0.001125
0.001125
0.00112499
0.00112496
0.00112484
0.0011246
0.00112382
0.00112332
0.00112285
0.00112231
0.00112222
0.00112297
0.00112424
0.00112474
0.00112494
0.00112498
0.001125
0.001125
0.001125
0.001125
0.001125
0.001125
0.001125
0.001125
0.001125
0.001125
0.001125
0.001125
0.001125
0.001125
0.001125
0.001125
0.001125
0.001125
0.001125
0.001125
0.001125
0.001125
0.001125
0.001125
0.001125
0.001125
0.001125
0.001125
0.001125
0.001125
0.001125
0.001125
0.001125
0.001125
0.001125
0.001125
0.001125
0.001125
0.001125
0.001125
0.001125
0.001125
0.001125
0.001125
0.001125
0.001125
0.001125
0.001125
0.001125
0.001125
0.001125
0.001125
0.001125
0.001125
0.001125
0.001125
0.001125
0.001125
0.001125
0.001125
0.001125
0.001125
0.001125
0.001125
0.001125
0.001125
0.001125
0.001125
0.001125
0.001125
0.001125
0.001125
0.001125
0.001125
0.001125
0.001125
0.001125
0.001125
0.001125
0.001125
0.001125
0.001125
0.001125
0.001125
0.001125
0.001125
0.00112499
0.00112495
0.00112484
0.00112466
0.00112453
0.00112452
0.00112455
0.00112428
0.00112406
0.00112438
0.00112478
0.00112494
0.00112499
0.001125
0.001125
0.001125
0.001125
0.001125
0.001125
0.001125
0.001125
0.001125
0.001125
0.001125
0.001125
0.001125
0.001125
0.001125
0.001125
0.001125
0.001125
0.001125
0.001125
0.001125
0.001125
0.001125
0.001125
0.001125
0.001125
0.001125
0.001125
0.001125
0.001125
0.001125
0.001125
0.001125
0.001125
0.001125
0.001125
0.001125
0.001125
0.001125
0.001125
0.001125
0.001125
0.001125
0.001125
0.001125
0.001125
0.001125
0.001125
0.001125
0.001125
0.001125
0.001125
0.001125
0.001125
0.001125
0.001125
0.001125
0.001125
0.001125
0.001125
0.001125
0.001125
0.001125
0.001125
0.001125
0.001125
0.001125
0.001125
0.001125
0.001125
0.001125
0.001125
0.001125
0.001125
0.001125
0.001125
0.001125
0.001125
0.001125
0.001125
0.001125
0.001125
0.001125
0.001125
0.001125
0.001125
0.001125
0.00112498
0.00112492
0.00112479
0.00112465
0.00112461
0.00112462
0.00112474
0.00112471
0.00112468
0.00112482
0.00112494
0.00112499
0.001125
0.001125
0.001125
0.001125
0.001125
0.001125
0.001125
0.001125
0.001125
0.001125
0.001125
0.001125
0.001125
0.001125
0.001125
0.001125
0.001125
0.001125
0.001125
0.001125
0.001125
0.001125
0.001125
0.001125
0.001125
0.001125
0.001125
0.001125
0.001125
0.001125
0.001125
0.001125
0.001125
0.001125
0.001125
0.001125
0.001125
0.001125
0.001125
0.001125
0.001125
0.001125
0.001125
0.001125
0.001125
0.001125
0.001125
0.001125
0.001125
0.001125
0.001125
0.001125
0.001125
0.001125
0.001125
0.001125
0.001125
0.001125
0.001125
0.001125
0.001125
0.001125
0.001125
0.001125
0.001125
0.001125
0.001125
0.001125
0.001125
0.001125
0.001125
0.001125
0.001125
0.001125
0.001125
0.001125
0.001125
0.001125
0.001125
0.001125
0.001125
0.001125
0.001125
0.001125
0.001125
0.001125
0.001125
0.001125
0.00112498
0.00112494
0.00112484
0.00112471
0.00112465
0.00112472
0.00112483
0.00112487
0.00112491
0.00112496
0.00112499
0.001125
0.001125
0.001125
0.001125
0.001125
0.001125
0.001125
0.001125
0.001125
0.001125
0.001125
0.001125
0.001125
0.001125
0.001125
0.001125
0.001125
0.001125
0.001125
0.001125
0.001125
0.001125
0.001125
0.001125
0.001125
0.001125
0.001125
0.001125
0.001125
0.001125
0.001125
0.001125
0.001125
0.001125
0.001125
0.001125
0.001125
0.001125
0.001125
0.001125
0.001125
0.001125
0.001125
0.001125
0.001125
0.001125
0.001125
0.001125
0.001125
0.001125
0.001125
0.001125
0.001125
0.001125
0.001125
0.001125
0.001125
0.001125
0.001125
0.001125
0.001125
0.001125
0.001125
0.001125
0.001125
0.001125
0.001125
0.001125
0.001125
0.001125
0.001125
0.001125
0.001125
0.001125
0.001125
0.001125
0.001125
0.001125
0.001125
0.001125
0.001125
0.001125
0.001125
0.001125
0.001125
0.001125
0.001125
0.001125
0.001125
0.00112499
0.00112497
0.00112492
0.00112484
0.00112479
0.00112487
0.00112493
0.00112496
0.00112498
0.00112499
0.001125
0.001125
0.001125
0.001125
0.001125
0.001125
0.001125
0.001125
0.001125
0.001125
0.001125
0.001125
0.001125
0.001125
0.001125
0.001125
0.001125
0.001125
0.001125
0.001125
0.001125
0.001125
0.001125
0.001125
0.001125
0.001125
0.001125
0.001125
0.001125
0.001125
0.001125
0.001125
0.001125
0.001125
0.001125
0.001125
0.001125
0.001125
0.001125
0.001125
0.001125
0.001125
0.001125
0.001125
0.001125
0.001125
0.001125
0.001125
0.001125
0.001125
0.001125
0.001125
0.001125
0.001125
0.001125
0.001125
0.001125
0.001125
0.001125
0.001125
0.001125
0.001125
0.001125
0.001125
0.001125
0.001125
0.001125
0.001125
0.001125
0.001125
0.001125
0.001125
0.001125
0.001125
0.001125
0.001125
0.001125
0.001125
0.001125
0.001125
0.001125
0.001125
0.001125
0.001125
0.001125
0.001125
0.001125
0.001125
0.001125
0.001125
0.001125
0.00112499
0.00112497
0.00112494
0.00112492
0.00112496
0.00112498
0.00112499
0.001125
0.001125
0.001125
0.001125
0.001125
0.001125
0.001125
0.001125
0.001125
0.001125
0.001125
0.001125
0.001125
0.001125
0.001125
0.001125
0.001125
0.001125
0.001125
0.001125
0.001125
0.001125
0.001125
0.001125
0.001125
0.001125
0.001125
0.001125
0.001125
0.001125
0.001125
0.001125
0.001125
0.001125
0.001125
0.001125
0.001125
0.001125
0.001125
0.001125
0.001125
0.001125
0.001125
0.001125
0.001125
0.001125
0.001125
0.001125
0.001125
0.001125
0.001125
0.001125
0.001125
0.001125
0.001125
0.001125
0.001125
0.001125
0.001125
0.001125
0.001125
0.001125
0.001125
0.001125
0.001125
0.001125
0.001125
0.001125
0.001125
0.001125
0.001125
0.001125
0.001125
0.001125
0.001125
0.001125
0.001125
0.001125
0.001125
0.001125
0.001125
0.001125
0.001125
0.001125
0.001125
0.001125
0.001125
0.001125
0.001125
0.001125
0.001125
0.001125
0.001125
0.001125
0.00112499
0.00112498
0.00112498
0.00112499
0.001125
0.001125
0.001125
0.001125
0.001125
0.001125
0.001125
0.001125
0.001125
0.001125
0.001125
0.001125
0.001125
0.001125
0.001125
0.001125
0.001125
0.001125
0.001125
0.001125
0.001125
0.001125
0.001125
0.001125
0.001125
0.001125
0.001125
0.001125
0.001125
0.001125
0.001125
0.001125
0.001125
0.001125
0.001125
0.001125
0.001125
0.001125
0.001125
0.001125
0.001125
0.001125
0.001125
0.001125
0.001125
0.001125
0.001125
0.001125
0.001125
0.001125
0.001125
0.001125
0.001125
0.001125
0.001125
0.001125
0.001125
0.001125
0.001125
0.001125
0.001125
0.001125
0.001125
0.001125
0.001125
0.001125
0.001125
0.001125
0.001125
0.001125
0.001125
0.001125
0.001125
0.001125
0.001125
0.001125
0.001125
0.001125
0.001125
0.001125
0.001125
0.001125
0.001125
0.001125
0.001125
0.001125
0.001125
0.001125
0.001125
0.001125
0.001125
0.001125
0.001125
0.001125
0.001125
0.001125
0.001125
0.001125
0.001125
0.001125
0.001125
0.001125
0.001125
0.001125
0.001125
0.001125
0.001125
0.001125
0.001125
0.001125
0.001125
0.001125
0.001125
0.001125
0.001125
0.001125
0.001125
0.001125
0.001125
0.001125
0.001125
0.001125
0.001125
0.001125
0.001125
0.001125
0.001125
0.001125
0.001125
0.001125
0.001125
0.001125
0.001125
0.001125
0.001125
0.001125
0.001125
0.001125
0.001125
0.001125
0.001125
0.001125
0.001125
0.001125
0.001125
0.001125
0.001125
0.001125
0.001125
0.001125
0.001125
0.001125
0.001125
0.001125
0.001125
0.001125
0.001125
0.001125
0.001125
0.001125
0.001125
0.001125
0.001125
0.001125
0.001125
0.001125
0.001125
0.001125
0.001125
0.001125
0.001125
0.001125
0.001125
0.001125
0.001125
0.001125
0.001125
0.001125
0.001125
0.001125
0.001125
0.001125
0.001125
0.001125
0.001125
0.001125
0.001125
0.001125
0.001125
0.001125
0.001125
0.001125
0.001125
0.001125
0.001125
0.001125
0.001125
0.001125
0.001125
0.001125
0.001125
0.001125
0.001125
0.001125
0.001125
0.001125
0.001125
0.001125
0.001125
0.001125
0.001125
0.001125
0.001125
0.001125
0.001125
0.001125
0.001125
0.001125
0.001125
0.001125
0.001125
0.001125
0.001125
0.001125
0.001125
0.001125
0.001125
0.001125
0.001125
0.001125
0.001125
0.001125
0.001125
0.001125
0.001125
0.001125
0.001125
0.001125
0.001125
0.001125
0.001125
0.001125
0.001125
0.001125
0.001125
0.001125
0.001125
0.001125
0.001125
0.001125
0.001125
0.001125
0.001125
0.001125
0.001125
0.001125
0.001125
0.001125
0.001125
0.001125
0.001125
0.001125
0.001125
0.001125
0.001125
0.001125
0.001125
0.001125
0.001125
0.001125
0.001125
0.001125
0.001125
0.001125
0.001125
0.001125
0.001125
0.001125
0.001125
0.001125
0.001125
0.001125
0.001125
0.001125
0.001125
0.001125
0.001125
0.001125
0.001125
0.001125
0.001125
0.001125
0.001125
0.001125
0.001125
0.001125
0.001125
0.001125
0.001125
0.001125
0.001125
0.001125
0.001125
0.001125
0.001125
0.001125
0.001125
0.001125
0.001125
0.001125
0.001125
0.001125
0.001125
0.001125
0.001125
0.001125
0.001125
0.001125
0.001125
0.001125
0.001125
0.001125
0.001125
0.001125
0.001125
0.001125
0.001125
0.001125
0.001125
0.001125
0.001125
0.001125
0.001125
0.001125
0.001125
0.001125
0.001125
0.001125
0.001125
0.001125
0.001125
0.001125
0.001125
0.001125
0.001125
0.001125
0.001125
0.001125
0.001125
0.001125
0.001125
0.001125
0.001125
0.001125
0.001125
0.001125
0.001125
0.001125
0.001125
0.001125
0.001125
0.001125
0.001125
0.001125
0.001125
0.001125
0.001125
0.001125
0.001125
0.001125
0.001125
0.001125
0.001125
0.001125
0.001125
0.001125
0.001125
0.001125
0.001125
0.001125
0.001125
0.001125
0.001125
0.001125
0.001125
0.001125
0.001125
0.001125
0.001125
0.001125
0.001125
0.001125
0.001125
0.001125
0.001125
0.001125
0.001125
0.001125
0.001125
0.001125
0.001125
0.001125
0.001125
0.001125
0.001125
0.001125
0.001125
0.001125
0.001125
0.001125
0.001125
0.001125
0.001125
0.001125
0.001125
0.001125
0.001125
0.001125
0.001125
0.001125
0.001125
0.001125
0.001125
0.001125
0.001125
0.001125
0.001125
0.001125
0.001125
0.001125
0.001125
0.001125
0.001125
0.001125
0.001125
0.001125
0.001125
0.001125
0.001125
0.001125
0.001125
0.001125
0.001125
0.001125
0.001125
0.001125
0.001125
0.001125
0.001125
0.001125
0.001125
0.001125
0.001125
0.001125
0.001125
0.001125
0.001125
0.001125
0.001125
0.001125
0.001125
0.001125
0.001125
0.001125
0.001125
0.001125
0.001125
0.001125
0.001125
0.001125
0.001125
0.001125
0.001125
0.001125
0.001125
0.001125
0.001125
0.001125
0.001125
0.001125
0.001125
0.001125
0.001125
0.001125
0.001125
0.001125
0.001125
0.001125
0.001125
0.001125
0.001125
0.001125
0.001125
0.001125
0.001125
0.001125
0.001125
0.001125
0.001125
0.001125
0.001125
0.001125
0.001125
0.001125
0.001125
0.001125
0.001125
0.001125
0.001125
0.001125
0.001125
0.001125
0.001125
0.001125
0.001125
0.001125
0.001125
0.001125
0.001125
0.001125
0.001125
0.001125
0.001125
0.001125
0.001125
0.001125
0.001125
0.001125
0.001125
0.001125
0.001125
0.001125
0.001125
0.001125
0.001125
0.001125
0.001125
0.001125
0.001125
0.001125
0.001125
0.001125
0.001125
0.001125
0.001125
0.001125
0.001125
0.001125
0.001125
0.001125
0.001125
0.001125
0.001125
0.001125
0.001125
0.001125
0.001125
0.001125
0.001125
0.001125
0.001125
0.001125
0.001125
0.001125
0.001125
0.001125
0.001125
0.001125
0.001125
0.001125
0.001125
0.001125
0.001125
0.001125
0.001125
0.001125
0.001125
0.001125
0.001125
0.001125
0.001125
0.001125
0.001125
0.001125
0.001125
0.001125
0.001125
0.001125
0.001125
0.001125
0.001125
0.001125
0.001125
0.001125
0.001125
0.001125
0.001125
0.001125
0.001125
0.001125
0.001125
0.001125
0.001125
0.001125
0.001125
0.001125
0.001125
0.001125
0.001125
0.001125
0.001125
0.001125
0.001125
0.001125
0.001125
0.001125
0.001125
0.001125
0.001125
0.001125
0.001125
0.001125
0.001125
0.001125
0.001125
0.001125
0.001125
0.001125
0.001125
0.001125
0.001125
0.001125
0.001125
0.001125
0.001125
0.001125
0.001125
0.001125
0.001125
0.001125
0.001125
0.001125
0.001125
0.001125
0.001125
0.001125
0.001125
0.001125
0.001125
0.001125
0.001125
0.001125
0.001125
0.001125
0.001125
0.001125
0.001125
0.001125
0.001125
0.001125
0.001125
0.001125
0.001125
0.001125
0.001125
0.001125
0.001125
0.001125
0.001125
0.001125
0.001125
0.001125
0.001125
0.001125
0.001125
0.001125
0.001125
0.001125
0.001125
0.001125
0.001125
0.001125
0.001125
0.001125
0.001125
0.001125
0.001125
0.001125
0.001125
0.001125
0.001125
0.001125
0.001125
0.001125
0.001125
0.001125
0.001125
0.001125
0.001125
0.001125
0.001125
0.001125
0.001125
0.001125
0.001125
0.001125
0.001125
0.001125
0.001125
0.001125
0.001125
0.001125
0.001125
0.001125
0.001125
0.001125
0.001125
0.001125
0.001125
0.001125
0.001125
0.001125
0.001125
0.001125
0.001125
0.001125
0.001125
0.001125
0.001125
0.001125
0.001125
0.001125
0.001125
0.001125
0.001125
0.001125
0.001125
0.001125
0.001125
0.001125
0.001125
0.001125
0.001125
0.001125
0.001125
0.001125
0.001125
0.001125
0.001125
0.001125
0.001125
0.001125
0.001125
0.001125
0.001125
0.001125
0.001125
0.001125
0.001125
0.001125
0.001125
0.001125
0.001125
0.001125
0.001125
0.001125
0.001125
0.001125
0.001125
0.001125
0.001125
0.001125
0.001125
0.001125
0.001125
0.001125
0.001125
0.001125
0.001125
0.001125
0.001125
0.001125
0.001125
0.001125
0.001125
0.001125
0.001125
0.001125
0.001125
0.001125
0.001125
0.001125
0.001125
0.001125
0.001125
0.001125
0.001125
0.001125
0.001125
0.001125
0.001125
0.001125
0.001125
0.001125
0.001125
0.001125
0.001125
0.001125
0.001125
0.001125
0.001125
0.001125
0.001125
0.001125
0.001125
0.001125
0.001125
0.001125
0.001125
0.001125
0.001125
0.001125
0.001125
0.001125
0.001125
0.001125
0.001125
0.001125
0.001125
0.001125
0.001125
0.001125
0.001125
0.001125
0.001125
0.001125
0.001125
0.001125
0.001125
0.001125
0.001125
0.001125
0.001125
0.001125
0.001125
0.001125
0.001125
0.001125
0.001125
0.001125
0.001125
0.001125
0.001125
0.001125
0.001125
0.001125
0.001125
0.001125
0.001125
0.001125
0.001125
0.001125
0.001125
0.001125
0.001125
0.001125
0.001125
0.001125
0.001125
0.001125
0.001125
0.001125
0.001125
0.001125
0.001125
0.001125
0.001125
0.001125
0.001125
0.001125
0.001125
0.001125
0.001125
0.001125
0.001125
0.001125
0.001125
0.001125
0.001125
0.001125
0.001125
0.001125
0.001125
0.001125
0.001125
0.001125
0.001125
0.001125
0.001125
0.001125
0.001125
0.001125
0.001125
0.001125
0.001125
0.001125
0.001125
0.001125
0.001125
0.001125
0.001125
0.001125
0.001125
0.001125
0.001125
0.001125
0.001125
0.001125
0.001125
0.001125
0.001125
0.001125
0.001125
0.001125
0.001125
0.001125
0.001125
0.001125
0.001125
0.001125
0.001125
0.001125
0.001125
0.001125
0.001125
0.001125
0.001125
0.001125
0.001125
0.001125
0.001125
0.001125
0.001125
0.001125
0.001125
0.001125
0.001125
0.001125
0.001125
0.001125
0.001125
0.001125
0.001125
0.001125
0.001125
0.001125
0.001125
0.001125
0.001125
0.001125
0.001125
0.001125
0.001125
0.001125
0.001125
0.001125
0.001125
0.001125
0.001125
0.001125
0.001125
0.001125
0.001125
0.001125
0.001125
0.001125
0.001125
0.001125
0.001125
0.001125
0.001125
0.001125
0.001125
0.001125
0.001125
0.001125
0.001125
0.001125
0.001125
0.001125
0.001125
0.001125
0.001125
0.001125
0.001125
0.001125
0.001125
0.001125
0.001125
0.001125
0.001125
0.001125
0.001125
0.001125
0.001125
0.001125
0.001125
0.001125
0.001125
0.001125
0.001125
0.001125
0.001125
0.001125
0.001125
0.001125
0.001125
0.001125
0.001125
0.001125
0.001125
0.001125
0.001125
0.001125
0.001125
0.001125
0.001125
0.001125
0.001125
0.001125
0.001125
0.001125
0.001125
0.001125
0.001125
0.001125
0.001125
0.001125
0.001125
0.001125
0.001125
0.001125
0.001125
0.001125
0.001125
0.001125
0.001125
0.001125
0.001125
0.001125
0.001125
0.001125
0.001125
0.001125
0.001125
0.001125
0.001125
0.001125
0.001125
0.001125
0.001125
0.001125
0.001125
0.001125
0.001125
0.001125
0.001125
0.001125
0.001125
0.001125
0.001125
0.001125
0.001125
0.001125
0.001125
0.001125
0.001125
0.001125
0.001125
0.001125
0.001125
0.001125
0.001125
0.001125
0.001125
0.001125
0.001125
0.001125
0.001125
0.001125
0.001125
0.001125
0.001125
0.001125
0.001125
0.001125
0.001125
0.001125
0.001125
0.001125
0.001125
0.001125
0.001125
0.001125
0.001125
0.001125
0.001125
0.001125
0.001125
0.001125
0.001125
0.001125
0.001125
0.001125
0.001125
0.001125
0.001125
0.001125
0.001125
0.001125
0.001125
0.001125
0.001125
0.001125
0.001125
0.001125
0.001125
0.001125
0.001125
0.001125
0.001125
0.001125
0.001125
0.001125
0.001125
0.001125
0.001125
0.001125
0.001125
0.001125
0.001125
0.001125
0.001125
0.001125
0.001125
0.001125
0.001125
0.001125
0.001125
0.001125
0.001125
0.001125
0.001125
0.001125
0.001125
0.001125
0.001125
0.001125
0.001125
0.001125
0.001125
0.001125
0.001125
0.001125
0.001125
0.001125
0.001125
0.001125
0.001125
0.001125
0.001125
0.001125
0.001125
0.001125
0.001125
0.001125
0.001125
0.001125
0.001125
0.001125
0.001125
0.001125
0.001125
0.001125
0.001125
0.001125
0.001125
0.001125
0.001125
0.001125
0.001125
0.001125
0.001125
0.001125
0.001125
0.001125
0.001125
0.001125
0.001125
0.001125
0.001125
0.001125
0.001125
0.001125
0.001125
0.001125
0.001125
0.001125
0.001125
0.001125
0.001125
0.001125
0.001125
0.001125
0.001125
0.001125
0.001125
0.001125
0.001125
0.001125
0.001125
0.001125
0.001125
0.001125
0.001125
0.001125
0.001125
0.001125
0.001125
0.001125
0.001125
0.001125
0.001125
0.001125
0.001125
0.001125
0.001125
0.001125
0.001125
0.001125
0.001125
0.001125
0.001125
0.001125
0.001125
0.001125
0.001125
0.001125
0.001125
0.001125
0.001125
0.001125
0.001125
0.001125
0.001125
0.001125
0.001125
0.001125
0.001125
0.001125
0.001125
0.001125
0.001125
0.001125
0.001125
0.001125
0.001125
0.001125
0.001125
0.001125
0.001125
0.001125
0.001125
0.001125
0.001125
0.001125
0.001125
0.001125
0.001125
0.001125
0.001125
0.001125
0.001125
0.001125
0.001125
0.001125
0.001125
0.001125
0.001125
0.001125
0.001125
0.001125
0.001125
0.001125
0.001125
0.001125
0.001125
0.001125
0.001125
0.001125
0.001125
0.001125
0.001125
0.001125
0.001125
0.001125
0.001125
0.001125
0.001125
0.001125
0.001125
0.001125
0.001125
0.001125
0.001125
0.001125
0.001125
0.001125
0.001125
0.001125
0.001125
0.001125
0.001125
0.001125
0.001125
0.001125
0.001125
0.001125
0.001125
0.001125
0.001125
0.001125
0.001125
0.001125
0.001125
0.001125
0.001125
0.001125
0.001125
0.001125
0.001125
0.001125
0.001125
0.001125
0.001125
0.001125
0.001125
0.001125
0.001125
0.001125
0.001125
0.001125
0.001125
0.001125
0.001125
0.001125
0.001125
0.001125
0.001125
0.001125
0.001125
0.001125
0.001125
0.001125
0.001125
0.001125
0.001125
0.001125
0.001125
0.001125
0.001125
0.001125
0.001125
0.001125
0.001125
0.001125
0.001125
0.001125
0.001125
0.001125
0.001125
0.001125
0.001125
0.001125
0.001125
0.001125
0.001125
0.001125
0.001125
0.001125
0.001125
0.001125
0.001125
0.001125
0.001125
0.001125
0.001125
0.001125
0.001125
0.001125
0.001125
0.001125
0.001125
0.001125
0.001125
0.001125
0.001125
0.001125
0.001125
0.001125
0.001125
0.001125
0.001125
0.001125
0.001125
0.001125
0.001125
0.001125
0.001125
0.001125
0.001125
0.001125
0.001125
0.001125
0.001125
0.001125
0.001125
0.001125
0.001125
0.001125
0.001125
0.001125
0.001125
0.001125
0.001125
0.001125
0.001125
0.001125
0.001125
0.001125
0.001125
0.001125
0.001125
0.001125
0.001125
0.001125
0.001125
0.001125
0.001125
0.001125
0.001125
0.001125
0.001125
0.001125
0.001125
0.001125
0.001125
0.001125
0.001125
0.001125
0.001125
0.001125
0.001125
0.001125
0.001125
0.001125
0.001125
0.001125
0.001125
0.001125
0.001125
0.001125
0.001125
0.001125
0.001125
0.001125
0.001125
0.001125
0.001125
0.001125
0.001125
0.001125
0.001125
0.001125
0.001125
0.001125
0.001125
0.001125
0.001125
0.001125
0.001125
0.001125
0.001125
0.001125
0.001125
0.001125
0.001125
0.001125
0.001125
0.001125
0.001125
0.001125
0.001125
0.001125
0.001125
0.001125
0.001125
0.001125
0.001125
0.001125
0.001125
0.001125
0.001125
0.001125
0.001125
0.001125
0.001125
0.001125
0.001125
0.001125
0.001125
0.001125
0.001125
0.001125
0.001125
0.001125
0.001125
0.001125
0.001125
0.001125
0.001125
0.001125
0.001125
0.001125
0.001125
0.001125
0.001125
0.001125
0.001125
0.001125
0.001125
0.001125
0.001125
0.001125
0.001125
0.001125
0.001125
0.001125
0.001125
0.001125
0.001125
0.001125
0.001125
0.001125
0.001125
0.001125
0.001125
0.001125
0.001125
0.001125
0.001125
0.001125
0.001125
0.001125
0.001125
0.001125
0.001125
0.001125
0.001125
0.001125
0.001125
0.001125
0.001125
0.001125
0.001125
0.001125
0.001125
0.001125
0.001125
0.001125
0.001125
0.001125
0.001125
0.001125
0.001125
0.001125
0.001125
0.001125
0.001125
0.001125
0.001125
0.001125
0.001125
0.001125
0.001125
0.001125
0.001125
0.001125
0.001125
0.001125
0.001125
0.001125
0.001125
0.001125
0.001125
0.001125
0.001125
0.001125
0.001125
0.001125
0.001125
0.001125
0.001125
0.001125
0.001125
0.001125
0.001125
0.001125
0.001125
0.001125
0.001125
0.001125
0.001125
0.001125
0.001125
0.001125
0.001125
0.001125
0.001125
0.001125
0.001125
0.001125
0.001125
0.001125
0.001125
0.001125
0.001125
0.001125
0.001125
0.001125
0.001125
0.001125
0.001125
0.001125
0.001125
0.001125
0.001125
0.001125
0.001125
0.001125
0.001125
0.001125
0.001125
0.001125
0.001125
0.001125
0.001125
0.001125
0.001125
0.001125
0.001125
0.001125
0.001125
0.001125
0.001125
0.001125
0.001125
0.001125
0.001125
0.001125
0.001125
0.001125
0.001125
0.001125
0.001125
0.001125
0.001125
0.001125
0.001125
0.001125
0.001125
0.001125
0.001125
0.001125
0.001125
0.001125
0.001125
0.001125
0.001125
0.001125
0.001125
0.001125
0.001125
0.001125
0.001125
0.001125
0.001125
0.001125
0.001125
0.001125
0.001125
0.001125
0.001125
0.001125
0.001125
0.001125
0.001125
0.001125
0.001125
0.001125
0.001125
0.001125
0.001125
0.001125
0.001125
0.001125
0.001125
0.001125
0.001125
0.001125
0.001125
0.001125
0.001125
0.001125
0.001125
0.001125
0.001125
0.001125
0.001125
0.001125
0.001125
0.001125
0.001125
0.001125
0.001125
0.001125
0.001125
0.001125
0.001125
0.001125
0.001125
0.001125
0.001125
0.001125
0.001125
0.001125
0.001125
0.001125
0.001125
0.001125
0.001125
0.001125
0.001125
0.001125
0.001125
0.001125
0.001125
0.001125
0.001125
0.001125
0.001125
0.001125
0.001125
0.001125
0.001125
0.001125
0.001125
0.001125
0.001125
0.001125
0.001125
0.001125
0.001125
0.001125
0.001125
0.001125
0.001125
0.001125
0.001125
0.001125
0.001125
0.001125
0.001125
0.001125
0.001125
0.001125
0.001125
0.001125
0.001125
0.001125
0.001125
0.001125
0.001125
0.001125
0.001125
0.001125
0.001125
0.001125
0.001125
0.001125
0.001125
0.001125
0.001125
0.001125
0.001125
0.001125
0.001125
0.001125
0.001125
0.001125
0.001125
0.001125
0.001125
0.001125
0.001125
0.001125
0.001125
0.001125
0.001125
0.001125
0.001125
0.001125
0.001125
0.001125
0.001125
0.001125
0.001125
0.001125
0.001125
0.001125
0.001125
0.001125
0.001125
0.001125
0.001125
0.001125
0.001125
0.001125
0.001125
0.001125
0.001125
0.001125
0.001125
0.001125
0.001125
0.001125
0.001125
0.001125
0.001125
0.001125
0.001125
0.001125
0.001125
0.001125
0.001125
0.001125
0.001125
0.001125
0.001125
0.001125
0.001125
0.001125
0.001125
0.001125
0.001125
0.001125
0.001125
0.001125
0.001125
0.001125
0.001125
0.001125
0.001125
0.001125
0.001125
0.001125
0.001125
0.001125
0.001125
0.001125
0.001125
0.001125
0.001125
0.001125
0.001125
0.001125
0.001125
0.001125
0.001125
0.001125
0.001125
0.001125
0.001125
0.001125
0.001125
0.001125
0.001125
0.001125
0.001125
0.001125
0.001125
0.001125
0.001125
0.001125
0.001125
0.001125
0.001125
0.001125
0.001125
0.001125
0.001125
0.001125
0.001125
0.001125
0.001125
0.001125
0.001125
0.001125
0.001125
0.001125
0.001125
0.001125
0.001125
0.001125
0.001125
0.001125
0.001125
0.001125
0.001125
0.001125
0.001125
0.001125
0.001125
0.001125
0.001125
0.001125
0.001125
0.001125
0.001125
0.001125
0.001125
0.001125
0.001125
0.001125
0.001125
0.001125
0.001125
0.001125
0.001125
0.001125
0.001125
0.001125
0.001125
0.001125
0.001125
0.001125
0.001125
0.001125
0.001125
0.001125
0.001125
0.001125
0.001125
0.001125
0.001125
0.001125
0.001125
0.001125
0.001125
0.001125
0.001125
0.001125
0.001125
0.001125
0.001125
0.001125
0.001125
0.001125
0.001125
0.001125
0.001125
0.001125
0.001125
0.001125
0.001125
0.001125
0.001125
0.001125
0.001125
0.001125
0.001125
0.001125
0.001125
0.001125
0.001125
0.001125
0.001125
0.001125
0.001125
0.001125
0.001125
0.001125
0.001125
0.001125
0.001125
0.001125
0.001125
0.001125
0.001125
0.001125
0.001125
0.001125
0.001125
0.001125
0.001125
0.001125
0.001125
0.001125
0.001125
0.001125
0.001125
0.001125
0.001125
0.001125
0.001125
0.001125
0.001125
0.001125
0.001125
0.001125
0.001125
0.001125
0.001125
0.001125
0.001125
0.001125
0.001125
0.001125
0.001125
0.001125
0.001125
0.001125
0.001125
0.001125
0.001125
0.001125
0.001125
0.001125
0.001125
0.001125
0.001125
0.001125
0.001125
0.001125
0.001125
0.001125
0.001125
0.001125
0.001125
0.001125
0.001125
0.001125
0.001125
0.001125
0.001125
0.001125
0.001125
0.001125
0.001125
0.001125
0.001125
0.001125
0.001125
0.001125
0.001125
0.001125
0.001125
0.001125
0.001125
0.001125
0.001125
0.001125
0.001125
0.001125
0.001125
0.001125
0.001125
0.001125
0.001125
0.001125
0.001125
0.001125
0.001125
0.001125
0.001125
0.001125
0.001125
0.001125
0.001125
0.001125
0.001125
0.001125
0.001125
0.001125
0.001125
0.001125
0.001125
0.001125
0.001125
0.001125
0.001125
0.001125
0.001125
0.001125
0.001125
0.001125
0.001125
0.001125
0.001125
0.001125
0.001125
0.001125
0.001125
0.001125
0.001125
0.001125
0.001125
0.001125
0.001125
0.001125
0.001125
0.001125
0.001125
0.001125
0.001125
0.001125
0.001125
0.001125
0.001125
0.001125
0.001125
0.001125
0.001125
0.001125
0.001125
0.001125
0.001125
0.001125
0.001125
0.001125
0.001125
0.001125
0.001125
0.001125
0.001125
0.001125
0.001125
0.001125
0.001125
0.001125
0.001125
0.001125
0.001125
0.001125
0.001125
0.001125
0.001125
0.001125
0.001125
0.001125
0.001125
0.001125
0.001125
0.001125
0.001125
0.001125
0.001125
0.001125
0.001125
0.001125
0.001125
0.001125
0.001125
0.001125
0.001125
0.001125
0.001125
0.001125
0.001125
0.001125
0.001125
0.001125
0.001125
0.001125
0.001125
0.001125
0.001125
0.001125
0.001125
0.001125
0.001125
0.001125
0.001125
0.001125
0.001125
0.001125
0.001125
0.001125
0.001125
0.001125
0.001125
0.001125
0.001125
0.001125
0.001125
0.001125
0.001125
0.001125
0.001125
0.001125
0.001125
0.001125
0.001125
0.001125
0.001125
0.001125
0.001125
0.001125
0.001125
0.001125
0.001125
0.001125
0.001125
0.001125
0.001125
0.001125
0.001125
0.001125
0.001125
0.001125
0.001125
0.001125
0.001125
0.001125
0.001125
0.001125
0.001125
0.001125
0.001125
0.001125
0.001125
0.001125
0.001125
0.001125
0.001125
0.001125
0.001125
0.001125
0.001125
0.001125
0.001125
0.001125
0.001125
0.001125
0.001125
0.001125
0.001125
0.001125
0.001125
0.001125
0.001125
0.001125
0.001125
0.001125
0.001125
0.001125
0.001125
0.001125
0.001125
0.001125
0.001125
0.001125
0.001125
0.001125
0.001125
0.001125
0.001125
0.001125
0.001125
0.001125
0.001125
0.001125
0.001125
0.001125
0.001125
0.001125
0.001125
0.001125
0.001125
0.001125
0.001125
0.001125
0.001125
0.001125
0.001125
0.001125
0.001125
0.001125
0.001125
0.001125
0.001125
0.001125
0.001125
0.001125
0.001125
0.001125
0.001125
0.001125
0.001125
0.001125
0.001125
0.001125
0.001125
0.001125
0.001125
0.001125
0.001125
0.001125
0.001125
0.001125
0.001125
0.001125
0.001125
0.001125
0.001125
0.001125
0.001125
0.001125
0.001125
0.001125
0.001125
0.001125
0.001125
0.001125
0.001125
0.001125
0.001125
0.001125
0.001125
0.001125
0.001125
0.001125
0.001125
0.001125
0.001125
0.001125
0.001125
0.001125
0.001125
0.001125
0.001125
0.001125
0.001125
0.001125
0.001125
0.001125
0.001125
0.001125
0.001125
0.001125
0.001125
0.001125
0.001125
0.001125
0.001125
0.001125
0.001125
0.001125
0.001125
0.001125
0.001125
0.001125
0.001125
0.001125
0.001125
0.001125
0.001125
0.001125
0.001125
0.001125
0.001125
0.001125
0.001125
0.001125
0.001125
0.001125
0.001125
0.001125
0.001125
0.001125
0.001125
0.001125
0.001125
0.001125
0.001125
0.001125
0.001125
0.001125
0.001125
0.001125
0.001125
0.001125
0.001125
0.001125
0.001125
0.001125
0.001125
0.001125
0.001125
0.001125
0.001125
0.001125
0.001125
0.001125
0.001125
0.001125
0.001125
0.001125
0.001125
0.001125
0.001125
0.001125
0.001125
0.001125
0.001125
0.001125
0.001125
0.001125
0.001125
0.001125
0.001125
0.001125
0.001125
0.001125
0.001125
0.001125
0.001125
0.001125
0.001125
0.001125
0.001125
0.001125
0.001125
0.001125
0.001125
0.001125
0.001125
0.001125
0.001125
0.001125
0.001125
0.001125
0.001125
0.001125
0.001125
0.001125
0.001125
0.001125
0.001125
0.001125
0.001125
0.001125
0.001125
0.001125
0.001125
0.001125
0.001125
0.001125
0.001125
0.001125
0.001125
0.001125
0.001125
0.001125
0.001125
0.001125
0.001125
0.001125
0.001125
0.001125
0.001125
0.001125
0.001125
0.001125
0.001125
0.001125
0.001125
0.001125
0.001125
0.001125
0.001125
0.001125
0.001125
0.001125
0.001125
0.001125
0.001125
0.001125
0.001125
0.001125
0.001125
0.001125
0.001125
0.001125
0.001125
0.001125
0.001125
0.001125
0.001125
0.001125
0.001125
0.001125
0.001125
0.001125
0.001125
0.001125
0.001125
0.001125
0.001125
0.001125
0.001125
0.001125
0.001125
0.001125
0.001125
0.001125
0.001125
0.001125
0.001125
0.001125
0.001125
0.001125
0.001125
0.001125
0.001125
0.001125
0.001125
0.001125
0.001125
0.001125
0.001125
0.001125
0.001125
0.001125
0.001125
0.001125
0.001125
0.001125
0.001125
0.001125
0.001125
0.001125
0.001125
0.001125
0.001125
0.001125
0.001125
0.001125
0.001125
0.001125
0.001125
0.001125
0.001125
0.001125
0.001125
0.001125
0.001125
0.001125
0.001125
0.001125
0.001125
0.001125
0.001125
0.001125
0.001125
0.001125
0.001125
0.001125
0.001125
0.001125
0.001125
0.001125
0.001125
0.001125
0.001125
0.001125
0.001125
0.001125
0.001125
0.001125
0.001125
0.001125
0.001125
0.001125
0.001125
0.001125
0.001125
0.001125
0.001125
0.001125
0.001125
0.001125
0.001125
0.001125
0.001125
0.001125
0.001125
0.001125
0.001125
0.001125
0.001125
0.001125
0.001125
0.001125
0.001125
0.001125
0.001125
0.001125
0.001125
0.001125
0.001125
0.001125
0.001125
0.001125
0.001125
0.001125
0.001125
0.001125
0.001125
0.001125
0.001125
0.001125
0.001125
0.001125
0.001125
0.001125
0.001125
0.001125
0.001125
0.001125
0.001125
0.001125
0.001125
0.001125
0.001125
0.001125
0.001125
0.001125
0.001125
0.001125
0.001125
0.001125
0.001125
0.001125
0.001125
0.001125
0.001125
0.001125
0.001125
0.001125
0.001125
0.001125
0.001125
0.001125
0.001125
0.001125
0.001125
0.001125
0.001125
0.001125
0.001125
0.001125
0.001125
0.001125
0.001125
0.001125
0.001125
0.001125
0.001125
0.001125
0.001125
0.001125
0.001125
0.001125
0.001125
0.001125
0.001125
0.001125
0.001125
0.001125
0.001125
0.001125
0.001125
0.001125
0.001125
0.001125
0.001125
0.001125
0.001125
0.001125
0.001125
0.001125
0.001125
0.001125
0.001125
0.001125
0.001125
0.001125
0.001125
0.001125
0.001125
0.001125
0.001125
0.001125
0.001125
0.001125
0.001125
0.001125
0.001125
0.001125
0.001125
0.001125
0.001125
0.001125
0.001125
0.001125
0.001125
0.001125
0.001125
0.001125
0.001125
0.001125
0.001125
0.001125
0.001125
0.001125
0.001125
0.001125
0.001125
0.001125
0.001125
0.001125
0.001125
0.001125
0.001125
0.001125
0.001125
0.001125
0.001125
0.001125
0.001125
0.001125
0.001125
0.001125
0.001125
0.001125
0.001125
0.001125
0.001125
0.001125
0.001125
0.001125
0.001125
0.001125
0.001125
0.001125
0.001125
0.001125
0.001125
0.001125
0.001125
0.001125
0.001125
0.001125
0.001125
0.001125
0.001125
0.001125
0.001125
0.001125
0.001125
0.001125
0.001125
0.001125
0.001125
0.001125
0.001125
0.001125
0.001125
0.001125
0.001125
0.001125
0.001125
0.001125
0.001125
0.001125
0.001125
0.001125
0.001125
0.001125
0.001125
0.001125
0.001125
0.001125
0.001125
0.001125
0.001125
0.001125
0.001125
0.001125
0.001125
0.001125
0.001125
0.001125
0.001125
0.001125
0.001125
0.001125
0.001125
0.001125
0.001125
0.001125
0.001125
0.001125
0.001125
0.001125
0.001125
0.001125
0.001125
0.001125
0.001125
0.001125
0.001125
0.001125
0.001125
0.001125
0.001125
0.001125
0.001125
0.001125
0.001125
0.001125
0.001125
0.001125
0.001125
0.001125
0.001125
0.001125
0.001125
0.001125
0.001125
0.001125
0.001125
0.001125
0.001125
0.001125
0.001125
0.001125
0.001125
0.001125
0.001125
0.001125
0.001125
0.001125
0.001125
0.001125
0.001125
0.001125
0.001125
0.001125
0.001125
0.001125
0.001125
0.001125
0.001125
0.001125
0.001125
0.001125
0.001125
0.001125
0.001125
0.001125
0.001125
0.001125
0.001125
0.001125
0.001125
0.001125
0.001125
0.001125
0.001125
0.001125
0.001125
0.001125
0.001125
0.001125
0.001125
0.001125
0.001125
0.001125
0.001125
0.001125
0.001125
0.001125
0.001125
0.001125
0.001125
0.001125
0.001125
0.001125
0.001125
0.001125
0.001125
0.001125
0.001125
0.001125
0.001125
0.001125
0.001125
0.001125
0.001125
0.001125
0.001125
0.001125
0.001125
0.001125
0.001125
0.001125
0.001125
0.001125
0.001125
0.001125
0.001125
0.001125
0.001125
0.001125
0.001125
0.001125
0.001125
0.001125
0.001125
)
;

boundaryField
{
    front
    {
        type            zeroGradient;
    }
    back
    {
        type            zeroGradient;
    }
    left
    {
        type            zeroGradient;
    }
    right
    {
        type            zeroGradient;
    }
    topAndBottom
    {
        type            empty;
    }
}


// ************************************************************************* //
