/*--------------------------------*- C++ -*----------------------------------*\
| =========                 |                                                 |
| \\      /  F ield         | OpenFOAM: The Open Source CFD Toolbox           |
|  \\    /   O peration     | Version:  2312                                  |
|   \\  /    A nd           | Website:  www.openfoam.com                      |
|    \\/     M anipulation  |                                                 |
\*---------------------------------------------------------------------------*/
FoamFile
{
    version     2.0;
    format      ascii;
    arch        "LSB;label=32;scalar=64";
    class       volScalarField;
    location    "0.4";
    object      psi;
}
// * * * * * * * * * * * * * * * * * * * * * * * * * * * * * * * * * * * * * //

dimensions      [0 0 0 0 0 0 0];

internalField   nonuniform List<scalar> 
10000
(
0.00112496
0.00112498
0.00112499
0.001125
0.001125
0.001125
0.001125
0.001125
0.001125
0.001125
0.001125
0.001125
0.001125
0.001125
0.001125
0.001125
0.001125
0.001125
0.001125
0.001125
0.001125
0.001125
0.001125
0.001125
0.001125
0.001125
0.001125
0.001125
0.001125
0.001125
0.001125
0.001125
0.001125
0.001125
0.001125
0.001125
0.001125
0.001125
0.001125
0.001125
0.001125
0.001125
0.001125
0.001125
0.001125
0.001125
0.001125
0.001125
0.001125
0.001125
0.001125
0.001125
0.001125
0.001125
0.001125
0.001125
0.001125
0.001125
0.001125
0.001125
0.001125
0.001125
0.001125
0.001125
0.001125
0.001125
0.001125
0.001125
0.001125
0.001125
0.001125
0.001125
0.001125
0.001125
0.001125
0.001125
0.001125
0.001125
0.001125
0.001125
0.001125
0.001125
0.001125
0.001125
0.001125
0.001125
0.001125
0.001125
0.001125
0.001125
0.001125
0.001125
0.001125
0.001125
0.001125
0.001125
0.001125
0.001125
0.001125
0.001125
0.00112498
0.00112499
0.001125
0.001125
0.001125
0.001125
0.001125
0.001125
0.001125
0.001125
0.001125
0.001125
0.001125
0.001125
0.001125
0.001125
0.001125
0.001125
0.001125
0.001125
0.001125
0.001125
0.001125
0.001125
0.001125
0.001125
0.001125
0.001125
0.001125
0.001125
0.001125
0.001125
0.001125
0.001125
0.001125
0.001125
0.001125
0.001125
0.001125
0.001125
0.001125
0.001125
0.001125
0.001125
0.001125
0.001125
0.001125
0.001125
0.001125
0.001125
0.001125
0.001125
0.001125
0.001125
0.001125
0.001125
0.001125
0.001125
0.001125
0.001125
0.001125
0.001125
0.001125
0.001125
0.001125
0.001125
0.001125
0.001125
0.001125
0.001125
0.001125
0.001125
0.001125
0.001125
0.001125
0.001125
0.001125
0.001125
0.001125
0.001125
0.001125
0.001125
0.001125
0.001125
0.001125
0.001125
0.001125
0.001125
0.001125
0.001125
0.001125
0.001125
0.001125
0.001125
0.001125
0.001125
0.001125
0.001125
0.001125
0.001125
0.00112499
0.001125
0.001125
0.001125
0.001125
0.001125
0.001125
0.001125
0.001125
0.001125
0.001125
0.001125
0.001125
0.001125
0.001125
0.001125
0.001125
0.001125
0.001125
0.001125
0.001125
0.001125
0.001125
0.001125
0.001125
0.001125
0.001125
0.001125
0.001125
0.001125
0.001125
0.001125
0.001125
0.001125
0.001125
0.001125
0.001125
0.001125
0.001125
0.001125
0.001125
0.001125
0.001125
0.001125
0.001125
0.001125
0.001125
0.001125
0.001125
0.001125
0.001125
0.001125
0.001125
0.001125
0.001125
0.001125
0.001125
0.001125
0.001125
0.001125
0.001125
0.001125
0.001125
0.001125
0.001125
0.001125
0.001125
0.001125
0.001125
0.001125
0.001125
0.001125
0.001125
0.001125
0.001125
0.001125
0.001125
0.001125
0.001125
0.001125
0.001125
0.001125
0.001125
0.001125
0.001125
0.001125
0.001125
0.001125
0.001125
0.001125
0.001125
0.001125
0.001125
0.001125
0.001125
0.001125
0.001125
0.001125
0.001125
0.001125
0.001125
0.001125
0.001125
0.001125
0.001125
0.001125
0.001125
0.001125
0.001125
0.001125
0.001125
0.001125
0.001125
0.001125
0.001125
0.001125
0.001125
0.001125
0.001125
0.001125
0.001125
0.001125
0.001125
0.001125
0.001125
0.001125
0.001125
0.001125
0.001125
0.001125
0.001125
0.001125
0.001125
0.001125
0.001125
0.001125
0.001125
0.001125
0.001125
0.001125
0.001125
0.001125
0.001125
0.001125
0.001125
0.001125
0.001125
0.001125
0.001125
0.001125
0.001125
0.001125
0.001125
0.001125
0.001125
0.001125
0.001125
0.001125
0.001125
0.001125
0.001125
0.001125
0.001125
0.001125
0.001125
0.001125
0.001125
0.001125
0.001125
0.001125
0.001125
0.001125
0.001125
0.001125
0.001125
0.001125
0.001125
0.001125
0.001125
0.001125
0.001125
0.001125
0.001125
0.001125
0.001125
0.001125
0.001125
0.001125
0.001125
0.001125
0.001125
0.001125
0.001125
0.001125
0.001125
0.001125
0.001125
0.001125
0.001125
0.001125
0.001125
0.001125
0.001125
0.001125
0.001125
0.001125
0.001125
0.001125
0.001125
0.001125
0.001125
0.001125
0.001125
0.001125
0.001125
0.001125
0.001125
0.001125
0.001125
0.001125
0.001125
0.001125
0.001125
0.001125
0.001125
0.001125
0.001125
0.001125
0.001125
0.001125
0.001125
0.001125
0.001125
0.001125
0.001125
0.001125
0.001125
0.001125
0.001125
0.001125
0.001125
0.001125
0.001125
0.001125
0.001125
0.001125
0.001125
0.001125
0.001125
0.001125
0.001125
0.001125
0.001125
0.001125
0.001125
0.001125
0.001125
0.001125
0.001125
0.001125
0.001125
0.001125
0.001125
0.001125
0.001125
0.001125
0.001125
0.001125
0.001125
0.001125
0.001125
0.001125
0.001125
0.001125
0.001125
0.001125
0.001125
0.001125
0.001125
0.001125
0.001125
0.001125
0.001125
0.001125
0.001125
0.001125
0.001125
0.001125
0.001125
0.001125
0.001125
0.001125
0.001125
0.001125
0.001125
0.001125
0.001125
0.001125
0.001125
0.001125
0.001125
0.001125
0.001125
0.001125
0.001125
0.001125
0.001125
0.001125
0.001125
0.001125
0.001125
0.001125
0.001125
0.001125
0.001125
0.001125
0.001125
0.001125
0.001125
0.001125
0.001125
0.001125
0.001125
0.001125
0.001125
0.001125
0.001125
0.001125
0.001125
0.001125
0.001125
0.001125
0.001125
0.001125
0.001125
0.001125
0.001125
0.001125
0.001125
0.001125
0.001125
0.001125
0.001125
0.001125
0.001125
0.001125
0.001125
0.001125
0.001125
0.001125
0.001125
0.001125
0.001125
0.001125
0.001125
0.001125
0.001125
0.001125
0.001125
0.001125
0.001125
0.001125
0.001125
0.001125
0.001125
0.001125
0.001125
0.001125
0.001125
0.001125
0.001125
0.001125
0.001125
0.001125
0.001125
0.001125
0.001125
0.001125
0.001125
0.001125
0.001125
0.001125
0.001125
0.001125
0.001125
0.001125
0.001125
0.001125
0.001125
0.001125
0.001125
0.001125
0.001125
0.001125
0.001125
0.001125
0.001125
0.001125
0.001125
0.001125
0.001125
0.001125
0.001125
0.001125
0.001125
0.001125
0.001125
0.001125
0.001125
0.001125
0.001125
0.001125
0.001125
0.001125
0.001125
0.001125
0.001125
0.001125
0.001125
0.001125
0.001125
0.001125
0.001125
0.001125
0.001125
0.001125
0.001125
0.001125
0.001125
0.001125
0.001125
0.001125
0.001125
0.001125
0.001125
0.001125
0.001125
0.001125
0.001125
0.001125
0.001125
0.001125
0.001125
0.001125
0.001125
0.001125
0.001125
0.001125
0.001125
0.001125
0.001125
0.001125
0.001125
0.001125
0.001125
0.001125
0.001125
0.001125
0.001125
0.001125
0.001125
0.001125
0.001125
0.001125
0.001125
0.001125
0.001125
0.001125
0.001125
0.001125
0.001125
0.001125
0.001125
0.001125
0.001125
0.001125
0.001125
0.001125
0.001125
0.001125
0.001125
0.001125
0.001125
0.001125
0.001125
0.001125
0.001125
0.001125
0.001125
0.001125
0.001125
0.001125
0.001125
0.001125
0.001125
0.001125
0.001125
0.001125
0.001125
0.001125
0.001125
0.001125
0.001125
0.001125
0.001125
0.001125
0.001125
0.001125
0.001125
0.001125
0.001125
0.001125
0.001125
0.001125
0.001125
0.001125
0.001125
0.001125
0.001125
0.001125
0.001125
0.001125
0.001125
0.001125
0.001125
0.001125
0.001125
0.001125
0.001125
0.001125
0.001125
0.001125
0.001125
0.001125
0.001125
0.001125
0.001125
0.001125
0.001125
0.001125
0.001125
0.001125
0.001125
0.001125
0.001125
0.001125
0.001125
0.001125
0.001125
0.001125
0.001125
0.001125
0.001125
0.001125
0.001125
0.001125
0.001125
0.001125
0.001125
0.001125
0.001125
0.001125
0.001125
0.001125
0.001125
0.001125
0.001125
0.001125
0.001125
0.001125
0.001125
0.001125
0.001125
0.001125
0.001125
0.001125
0.001125
0.001125
0.001125
0.001125
0.001125
0.001125
0.001125
0.001125
0.001125
0.001125
0.001125
0.001125
0.001125
0.001125
0.001125
0.001125
0.001125
0.001125
0.001125
0.001125
0.001125
0.001125
0.001125
0.001125
0.001125
0.001125
0.001125
0.001125
0.001125
0.001125
0.001125
0.001125
0.001125
0.001125
0.001125
0.001125
0.001125
0.001125
0.001125
0.001125
0.001125
0.001125
0.001125
0.001125
0.001125
0.001125
0.001125
0.001125
0.001125
0.001125
0.001125
0.001125
0.001125
0.001125
0.001125
0.001125
0.001125
0.001125
0.001125
0.001125
0.001125
0.001125
0.001125
0.001125
0.001125
0.001125
0.001125
0.001125
0.001125
0.001125
0.001125
0.001125
0.001125
0.001125
0.001125
0.001125
0.001125
0.001125
0.001125
0.001125
0.001125
0.001125
0.001125
0.001125
0.001125
0.001125
0.001125
0.001125
0.001125
0.001125
0.001125
0.001125
0.001125
0.001125
0.001125
0.001125
0.001125
0.001125
0.001125
0.001125
0.001125
0.001125
0.001125
0.001125
0.001125
0.001125
0.001125
0.001125
0.001125
0.001125
0.001125
0.001125
0.001125
0.001125
0.001125
0.001125
0.001125
0.001125
0.001125
0.001125
0.001125
0.001125
0.001125
0.001125
0.001125
0.001125
0.001125
0.001125
0.001125
0.001125
0.001125
0.001125
0.001125
0.001125
0.001125
0.001125
0.001125
0.001125
0.001125
0.001125
0.001125
0.001125
0.001125
0.001125
0.001125
0.001125
0.001125
0.001125
0.001125
0.001125
0.001125
0.001125
0.001125
0.001125
0.001125
0.001125
0.001125
0.001125
0.001125
0.001125
0.001125
0.001125
0.001125
0.001125
0.001125
0.001125
0.001125
0.001125
0.001125
0.001125
0.001125
0.001125
0.001125
0.001125
0.001125
0.001125
0.001125
0.001125
0.001125
0.001125
0.001125
0.001125
0.001125
0.001125
0.001125
0.001125
0.001125
0.001125
0.001125
0.001125
0.001125
0.001125
0.001125
0.001125
0.001125
0.001125
0.001125
0.001125
0.001125
0.001125
0.001125
0.001125
0.001125
0.001125
0.001125
0.001125
0.001125
0.001125
0.001125
0.001125
0.001125
0.001125
0.001125
0.001125
0.001125
0.001125
0.001125
0.001125
0.001125
0.001125
0.001125
0.001125
0.001125
0.001125
0.001125
0.001125
0.001125
0.001125
0.001125
0.001125
0.001125
0.001125
0.001125
0.001125
0.001125
0.001125
0.001125
0.001125
0.001125
0.001125
0.001125
0.001125
0.001125
0.001125
0.001125
0.001125
0.001125
0.001125
0.001125
0.001125
0.001125
0.001125
0.001125
0.001125
0.001125
0.001125
0.001125
0.001125
0.001125
0.001125
0.001125
0.001125
0.001125
0.001125
0.001125
0.001125
0.001125
0.001125
0.001125
0.001125
0.001125
0.001125
0.001125
0.001125
0.001125
0.001125
0.001125
0.001125
0.001125
0.001125
0.001125
0.001125
0.001125
0.001125
0.001125
0.001125
0.001125
0.001125
0.001125
0.001125
0.001125
0.001125
0.001125
0.001125
0.001125
0.001125
0.001125
0.001125
0.001125
0.001125
0.001125
0.001125
0.001125
0.001125
0.001125
0.001125
0.001125
0.001125
0.001125
0.001125
0.001125
0.001125
0.001125
0.001125
0.001125
0.001125
0.001125
0.001125
0.001125
0.001125
0.001125
0.001125
0.001125
0.001125
0.001125
0.001125
0.001125
0.001125
0.001125
0.001125
0.001125
0.001125
0.001125
0.001125
0.001125
0.001125
0.001125
0.001125
0.001125
0.001125
0.001125
0.001125
0.001125
0.001125
0.001125
0.001125
0.001125
0.001125
0.001125
0.001125
0.001125
0.001125
0.001125
0.001125
0.001125
0.001125
0.001125
0.001125
0.001125
0.001125
0.001125
0.001125
0.001125
0.001125
0.001125
0.001125
0.001125
0.001125
0.001125
0.001125
0.001125
0.001125
0.001125
0.001125
0.001125
0.001125
0.001125
0.001125
0.001125
0.001125
0.001125
0.001125
0.001125
0.001125
0.001125
0.001125
0.001125
0.001125
0.001125
0.001125
0.001125
0.001125
0.001125
0.001125
0.001125
0.001125
0.001125
0.001125
0.001125
0.001125
0.001125
0.001125
0.001125
0.001125
0.001125
0.001125
0.001125
0.001125
0.001125
0.001125
0.001125
0.001125
0.001125
0.001125
0.001125
0.001125
0.001125
0.001125
0.001125
0.001125
0.001125
0.001125
0.001125
0.001125
0.001125
0.001125
0.001125
0.001125
0.001125
0.001125
0.001125
0.001125
0.001125
0.001125
0.001125
0.001125
0.001125
0.001125
0.001125
0.001125
0.001125
0.001125
0.001125
0.001125
0.001125
0.001125
0.001125
0.001125
0.001125
0.001125
0.001125
0.001125
0.001125
0.001125
0.001125
0.001125
0.001125
0.001125
0.001125
0.001125
0.001125
0.001125
0.001125
0.001125
0.001125
0.001125
0.001125
0.001125
0.001125
0.001125
0.001125
0.001125
0.001125
0.001125
0.001125
0.001125
0.001125
0.001125
0.001125
0.001125
0.001125
0.001125
0.001125
0.001125
0.001125
0.001125
0.001125
0.001125
0.001125
0.001125
0.001125
0.001125
0.001125
0.001125
0.001125
0.001125
0.001125
0.001125
0.001125
0.001125
0.001125
0.001125
0.001125
0.001125
0.001125
0.001125
0.001125
0.001125
0.001125
0.001125
0.001125
0.001125
0.001125
0.001125
0.001125
0.001125
0.001125
0.001125
0.001125
0.001125
0.001125
0.001125
0.001125
0.001125
0.001125
0.001125
0.001125
0.001125
0.001125
0.001125
0.001125
0.001125
0.001125
0.001125
0.001125
0.001125
0.001125
0.001125
0.001125
0.001125
0.001125
0.001125
0.001125
0.001125
0.001125
0.001125
0.001125
0.001125
0.001125
0.001125
0.001125
0.001125
0.001125
0.001125
0.001125
0.001125
0.001125
0.001125
0.001125
0.001125
0.001125
0.001125
0.001125
0.001125
0.001125
0.001125
0.001125
0.001125
0.001125
0.001125
0.001125
0.001125
0.001125
0.001125
0.001125
0.001125
0.001125
0.001125
0.001125
0.001125
0.001125
0.001125
0.001125
0.001125
0.001125
0.001125
0.001125
0.001125
0.001125
0.001125
0.001125
0.001125
0.001125
0.001125
0.001125
0.001125
0.001125
0.001125
0.001125
0.001125
0.001125
0.001125
0.001125
0.001125
0.001125
0.001125
0.001125
0.001125
0.001125
0.001125
0.001125
0.001125
0.001125
0.001125
0.001125
0.001125
0.001125
0.001125
0.001125
0.001125
0.001125
0.001125
0.001125
0.001125
0.001125
0.001125
0.001125
0.001125
0.001125
0.001125
0.001125
0.001125
0.001125
0.001125
0.001125
0.001125
0.001125
0.001125
0.001125
0.001125
0.001125
0.001125
0.001125
0.001125
0.001125
0.001125
0.001125
0.001125
0.001125
0.001125
0.001125
0.001125
0.001125
0.001125
0.001125
0.001125
0.001125
0.001125
0.001125
0.001125
0.001125
0.001125
0.001125
0.001125
0.001125
0.001125
0.001125
0.001125
0.001125
0.001125
0.001125
0.001125
0.001125
0.001125
0.001125
0.001125
0.001125
0.001125
0.001125
0.001125
0.001125
0.001125
0.001125
0.001125
0.001125
0.001125
0.001125
0.001125
0.001125
0.001125
0.001125
0.001125
0.001125
0.001125
0.001125
0.001125
0.001125
0.001125
0.001125
0.001125
0.001125
0.001125
0.001125
0.001125
0.001125
0.001125
0.001125
0.001125
0.001125
0.001125
0.001125
0.001125
0.001125
0.001125
0.001125
0.001125
0.001125
0.001125
0.001125
0.001125
0.001125
0.001125
0.001125
0.001125
0.001125
0.001125
0.001125
0.001125
0.001125
0.001125
0.001125
0.001125
0.001125
0.001125
0.001125
0.001125
0.001125
0.001125
0.001125
0.001125
0.001125
0.001125
0.001125
0.001125
0.001125
0.001125
0.001125
0.001125
0.001125
0.001125
0.001125
0.001125
0.001125
0.001125
0.001125
0.001125
0.001125
0.001125
0.001125
0.001125
0.001125
0.001125
0.001125
0.001125
0.001125
0.001125
0.001125
0.001125
0.001125
0.001125
0.001125
0.001125
0.001125
0.001125
0.001125
0.001125
0.001125
0.001125
0.001125
0.001125
0.001125
0.001125
0.001125
0.001125
0.001125
0.001125
0.001125
0.001125
0.001125
0.001125
0.001125
0.001125
0.001125
0.001125
0.001125
0.001125
0.001125
0.001125
0.001125
0.001125
0.001125
0.001125
0.001125
0.001125
0.001125
0.001125
0.001125
0.001125
0.001125
0.001125
0.001125
0.001125
0.001125
0.001125
0.001125
0.001125
0.001125
0.001125
0.001125
0.001125
0.001125
0.001125
0.001125
0.001125
0.001125
0.001125
0.001125
0.001125
0.001125
0.001125
0.001125
0.001125
0.001125
0.001125
0.001125
0.001125
0.001125
0.001125
0.001125
0.001125
0.001125
0.001125
0.001125
0.001125
0.001125
0.001125
0.001125
0.001125
0.001125
0.001125
0.001125
0.001125
0.001125
0.001125
0.001125
0.001125
0.001125
0.001125
0.001125
0.001125
0.001125
0.001125
0.001125
0.001125
0.001125
0.001125
0.001125
0.001125
0.001125
0.001125
0.001125
0.001125
0.001125
0.001125
0.001125
0.001125
0.001125
0.001125
0.001125
0.001125
0.001125
0.001125
0.001125
0.001125
0.001125
0.001125
0.001125
0.001125
0.001125
0.001125
0.001125
0.001125
0.001125
0.001125
0.001125
0.001125
0.001125
0.001125
0.001125
0.001125
0.001125
0.001125
0.001125
0.001125
0.001125
0.001125
0.001125
0.001125
0.001125
0.001125
0.001125
0.001125
0.001125
0.001125
0.001125
0.001125
0.001125
0.001125
0.001125
0.001125
0.001125
0.001125
0.001125
0.001125
0.001125
0.001125
0.001125
0.001125
0.001125
0.001125
0.001125
0.001125
0.001125
0.001125
0.001125
0.001125
0.001125
0.001125
0.001125
0.001125
0.001125
0.001125
0.001125
0.001125
0.001125
0.001125
0.001125
0.001125
0.001125
0.001125
0.001125
0.001125
0.001125
0.001125
0.001125
0.001125
0.001125
0.001125
0.001125
0.001125
0.001125
0.001125
0.001125
0.001125
0.001125
0.001125
0.001125
0.001125
0.001125
0.001125
0.001125
0.001125
0.001125
0.001125
0.001125
0.001125
0.001125
0.001125
0.001125
0.001125
0.001125
0.001125
0.001125
0.001125
0.001125
0.001125
0.001125
0.001125
0.001125
0.001125
0.001125
0.001125
0.001125
0.001125
0.001125
0.001125
0.001125
0.001125
0.001125
0.001125
0.001125
0.001125
0.001125
0.001125
0.001125
0.001125
0.001125
0.001125
0.001125
0.001125
0.001125
0.001125
0.001125
0.001125
0.001125
0.001125
0.001125
0.001125
0.001125
0.001125
0.001125
0.001125
0.001125
0.001125
0.001125
0.001125
0.001125
0.001125
0.001125
0.001125
0.001125
0.001125
0.001125
0.001125
0.001125
0.001125
0.001125
0.001125
0.001125
0.001125
0.001125
0.001125
0.001125
0.001125
0.001125
0.001125
0.001125
0.001125
0.001125
0.001125
0.001125
0.001125
0.001125
0.001125
0.001125
0.001125
0.001125
0.001125
0.001125
0.001125
0.001125
0.001125
0.001125
0.001125
0.001125
0.001125
0.001125
0.001125
0.001125
0.001125
0.001125
0.001125
0.001125
0.001125
0.001125
0.001125
0.001125
0.001125
0.001125
0.001125
0.001125
0.001125
0.001125
0.001125
0.001125
0.001125
0.001125
0.001125
0.001125
0.001125
0.001125
0.001125
0.001125
0.001125
0.001125
0.001125
0.001125
0.001125
0.001125
0.001125
0.001125
0.001125
0.001125
0.001125
0.001125
0.001125
0.001125
0.001125
0.001125
0.001125
0.001125
0.001125
0.001125
0.001125
0.001125
0.001125
0.001125
0.001125
0.001125
0.001125
0.001125
0.001125
0.001125
0.001125
0.001125
0.001125
0.001125
0.001125
0.001125
0.001125
0.001125
0.001125
0.001125
0.001125
0.001125
0.001125
0.001125
0.001125
0.001125
0.001125
0.001125
0.001125
0.001125
0.001125
0.001125
0.001125
0.001125
0.001125
0.001125
0.001125
0.001125
0.001125
0.001125
0.001125
0.001125
0.001125
0.001125
0.001125
0.001125
0.001125
0.001125
0.001125
0.001125
0.001125
0.001125
0.001125
0.001125
0.001125
0.001125
0.001125
0.001125
0.001125
0.001125
0.001125
0.001125
0.001125
0.001125
0.001125
0.001125
0.001125
0.001125
0.001125
0.001125
0.001125
0.001125
0.001125
0.001125
0.001125
0.001125
0.001125
0.001125
0.001125
0.001125
0.001125
0.001125
0.001125
0.001125
0.001125
0.001125
0.001125
0.001125
0.001125
0.001125
0.001125
0.001125
0.001125
0.001125
0.001125
0.001125
0.001125
0.001125
0.001125
0.001125
0.001125
0.001125
0.001125
0.001125
0.001125
0.001125
0.001125
0.001125
0.001125
0.001125
0.001125
0.001125
0.001125
0.001125
0.001125
0.001125
0.001125
0.001125
0.001125
0.001125
0.001125
0.001125
0.001125
0.001125
0.001125
0.001125
0.001125
0.001125
0.001125
0.001125
0.001125
0.001125
0.001125
0.001125
0.001125
0.001125
0.001125
0.001125
0.001125
0.001125
0.001125
0.001125
0.001125
0.001125
0.001125
0.001125
0.001125
0.001125
0.001125
0.001125
0.001125
0.001125
0.001125
0.001125
0.001125
0.001125
0.001125
0.001125
0.001125
0.001125
0.001125
0.001125
0.001125
0.001125
0.001125
0.001125
0.001125
0.001125
0.001125
0.001125
0.001125
0.001125
0.001125
0.001125
0.001125
0.001125
0.001125
0.001125
0.001125
0.001125
0.001125
0.001125
0.001125
0.001125
0.001125
0.001125
0.001125
0.001125
0.001125
0.001125
0.001125
0.001125
0.001125
0.001125
0.001125
0.001125
0.001125
0.001125
0.001125
0.001125
0.001125
0.001125
0.001125
0.001125
0.001125
0.001125
0.001125
0.001125
0.001125
0.001125
0.001125
0.001125
0.001125
0.001125
0.001125
0.001125
0.001125
0.001125
0.001125
0.001125
0.001125
0.001125
0.001125
0.001125
0.001125
0.001125
0.001125
0.001125
0.001125
0.001125
0.001125
0.001125
0.001125
0.001125
0.001125
0.001125
0.001125
0.001125
0.001125
0.001125
0.001125
0.001125
0.001125
0.001125
0.001125
0.001125
0.001125
0.001125
0.001125
0.001125
0.001125
0.001125
0.001125
0.001125
0.001125
0.001125
0.001125
0.001125
0.001125
0.001125
0.001125
0.001125
0.001125
0.001125
0.001125
0.001125
0.001125
0.001125
0.001125
0.001125
0.001125
0.001125
0.001125
0.001125
0.001125
0.001125
0.001125
0.001125
0.001125
0.001125
0.001125
0.001125
0.001125
0.001125
0.001125
0.001125
0.001125
0.001125
0.001125
0.001125
0.001125
0.001125
0.001125
0.001125
0.001125
0.001125
0.001125
0.001125
0.001125
0.001125
0.001125
0.001125
0.001125
0.001125
0.001125
0.001125
0.001125
0.001125
0.001125
0.001125
0.001125
0.001125
0.001125
0.001125
0.001125
0.001125
0.001125
0.001125
0.001125
0.001125
0.001125
0.001125
0.001125
0.001125
0.001125
0.001125
0.001125
0.001125
0.001125
0.001125
0.001125
0.001125
0.001125
0.001125
0.001125
0.001125
0.001125
0.001125
0.001125
0.001125
0.001125
0.001125
0.001125
0.001125
0.001125
0.001125
0.001125
0.001125
0.001125
0.001125
0.001125
0.001125
0.001125
0.001125
0.001125
0.001125
0.001125
0.001125
0.001125
0.001125
0.001125
0.001125
0.001125
0.001125
0.001125
0.001125
0.001125
0.001125
0.001125
0.001125
0.001125
0.001125
0.001125
0.001125
0.001125
0.001125
0.001125
0.001125
0.001125
0.001125
0.001125
0.001125
0.001125
0.001125
0.001125
0.001125
0.001125
0.001125
0.001125
0.001125
0.001125
0.001125
0.001125
0.001125
0.001125
0.001125
0.001125
0.001125
0.001125
0.001125
0.001125
0.001125
0.001125
0.001125
0.001125
0.001125
0.001125
0.001125
0.001125
0.001125
0.001125
0.001125
0.001125
0.001125
0.001125
0.001125
0.001125
0.001125
0.001125
0.001125
0.001125
0.001125
0.001125
0.001125
0.001125
0.001125
0.001125
0.001125
0.001125
0.001125
0.001125
0.001125
0.001125
0.001125
0.001125
0.001125
0.001125
0.001125
0.001125
0.001125
0.001125
0.001125
0.001125
0.001125
0.001125
0.001125
0.001125
0.001125
0.001125
0.001125
0.001125
0.001125
0.001125
0.001125
0.001125
0.001125
0.001125
0.001125
0.001125
0.001125
0.001125
0.001125
0.001125
0.001125
0.001125
0.001125
0.001125
0.001125
0.001125
0.001125
0.001125
0.001125
0.001125
0.001125
0.001125
0.001125
0.001125
0.001125
0.001125
0.001125
0.001125
0.001125
0.001125
0.001125
0.001125
0.001125
0.001125
0.001125
0.001125
0.001125
0.001125
0.001125
0.001125
0.001125
0.001125
0.001125
0.001125
0.001125
0.001125
0.001125
0.001125
0.001125
0.001125
0.001125
0.001125
0.001125
0.001125
0.001125
0.001125
0.001125
0.001125
0.001125
0.001125
0.001125
0.001125
0.001125
0.001125
0.001125
0.001125
0.001125
0.001125
0.001125
0.001125
0.001125
0.001125
0.001125
0.001125
0.001125
0.001125
0.001125
0.001125
0.001125
0.001125
0.001125
0.001125
0.001125
0.001125
0.001125
0.001125
0.001125
0.001125
0.001125
0.001125
0.001125
0.001125
0.001125
0.001125
0.001125
0.001125
0.001125
0.001125
0.001125
0.001125
0.001125
0.001125
0.001125
0.001125
0.001125
0.001125
0.001125
0.001125
0.001125
0.001125
0.001125
0.001125
0.001125
0.001125
0.001125
0.001125
0.001125
0.001125
0.001125
0.001125
0.001125
0.001125
0.001125
0.001125
0.001125
0.001125
0.001125
0.001125
0.001125
0.001125
0.001125
0.001125
0.001125
0.001125
0.001125
0.001125
0.001125
0.001125
0.001125
0.001125
0.001125
0.001125
0.001125
0.001125
0.001125
0.001125
0.001125
0.001125
0.001125
0.001125
0.001125
0.001125
0.001125
0.001125
0.001125
0.001125
0.001125
0.001125
0.001125
0.001125
0.001125
0.001125
0.001125
0.001125
0.001125
0.001125
0.001125
0.001125
0.001125
0.001125
0.001125
0.001125
0.001125
0.001125
0.001125
0.001125
0.001125
0.001125
0.001125
0.001125
0.001125
0.001125
0.001125
0.001125
0.001125
0.001125
0.001125
0.001125
0.001125
0.001125
0.001125
0.001125
0.001125
0.001125
0.001125
0.001125
0.001125
0.001125
0.001125
0.001125
0.001125
0.001125
0.001125
0.001125
0.001125
0.001125
0.001125
0.001125
0.001125
0.001125
0.001125
0.001125
0.001125
0.001125
0.001125
0.001125
0.001125
0.001125
0.001125
0.001125
0.001125
0.001125
0.001125
0.001125
0.001125
0.001125
0.001125
0.001125
0.001125
0.001125
0.001125
0.001125
0.001125
0.001125
0.001125
0.001125
0.001125
0.001125
0.001125
0.001125
0.001125
0.001125
0.001125
0.001125
0.001125
0.001125
0.001125
0.001125
0.001125
0.001125
0.001125
0.001125
0.001125
0.001125
0.001125
0.001125
0.001125
0.001125
0.001125
0.001125
0.001125
0.001125
0.001125
0.001125
0.001125
0.001125
0.001125
0.001125
0.001125
0.001125
0.001125
0.001125
0.001125
0.001125
0.001125
0.001125
0.001125
0.001125
0.001125
0.001125
0.001125
0.001125
0.001125
0.001125
0.001125
0.001125
0.001125
0.001125
0.001125
0.001125
0.001125
0.001125
0.001125
0.001125
0.001125
0.001125
0.001125
0.001125
0.001125
0.001125
0.001125
0.001125
0.001125
0.001125
0.001125
0.001125
0.001125
0.001125
0.001125
0.001125
0.001125
0.001125
0.001125
0.001125
0.001125
0.001125
0.001125
0.001125
0.001125
0.001125
0.001125
0.001125
0.001125
0.001125
0.001125
0.001125
0.001125
0.001125
0.001125
0.001125
0.001125
0.001125
0.001125
0.001125
0.001125
0.001125
0.001125
0.001125
0.001125
0.001125
0.001125
0.001125
0.001125
0.001125
0.001125
0.001125
0.001125
0.001125
0.001125
0.001125
0.001125
0.001125
0.001125
0.001125
0.001125
0.001125
0.001125
0.001125
0.001125
0.001125
0.001125
0.001125
0.001125
0.001125
0.001125
0.001125
0.001125
0.001125
0.001125
0.001125
0.001125
0.001125
0.001125
0.001125
0.001125
0.001125
0.001125
0.001125
0.001125
0.001125
0.001125
0.001125
0.001125
0.001125
0.001125
0.001125
0.001125
0.001125
0.001125
0.001125
0.001125
0.001125
0.001125
0.001125
0.001125
0.001125
0.001125
0.001125
0.001125
0.001125
0.001125
0.001125
0.001125
0.001125
0.001125
0.001125
0.001125
0.001125
0.001125
0.001125
0.001125
0.001125
0.001125
0.001125
0.001125
0.001125
0.001125
0.001125
0.001125
0.001125
0.001125
0.001125
0.001125
0.001125
0.001125
0.001125
0.001125
0.001125
0.001125
0.001125
0.001125
0.001125
0.001125
0.001125
0.001125
0.001125
0.001125
0.001125
0.001125
0.001125
0.001125
0.001125
0.001125
0.001125
0.001125
0.001125
0.001125
0.001125
0.001125
0.001125
0.001125
0.001125
0.001125
0.001125
0.001125
0.001125
0.001125
0.001125
0.001125
0.001125
0.001125
0.001125
0.001125
0.001125
0.001125
0.001125
0.001125
0.001125
0.001125
0.001125
0.001125
0.001125
0.001125
0.001125
0.001125
0.001125
0.001125
0.001125
0.001125
0.001125
0.001125
0.001125
0.001125
0.001125
0.001125
0.001125
0.001125
0.001125
0.001125
0.001125
0.001125
0.001125
0.001125
0.001125
0.001125
0.001125
0.001125
0.001125
0.001125
0.001125
0.001125
0.001125
0.001125
0.001125
0.001125
0.001125
0.001125
0.001125
0.001125
0.001125
0.001125
0.001125
0.001125
0.001125
0.001125
0.001125
0.001125
0.001125
0.001125
0.001125
0.001125
0.001125
0.001125
0.001125
0.001125
0.001125
0.001125
0.001125
0.001125
0.001125
0.001125
0.001125
0.001125
0.001125
0.001125
0.001125
0.001125
0.001125
0.001125
0.001125
0.001125
0.001125
0.001125
0.001125
0.001125
0.001125
0.001125
0.001125
0.001125
0.001125
0.001125
0.001125
0.001125
0.001125
0.001125
0.001125
0.001125
0.001125
0.001125
0.001125
0.001125
0.001125
0.001125
0.001125
0.001125
0.001125
0.001125
0.001125
0.001125
0.001125
0.001125
0.001125
0.001125
0.001125
0.001125
0.001125
0.001125
0.001125
0.001125
0.001125
0.001125
0.001125
0.001125
0.001125
0.001125
0.001125
0.001125
0.001125
0.001125
0.001125
0.001125
0.001125
0.001125
0.001125
0.001125
0.001125
0.001125
0.001125
0.001125
0.001125
0.001125
0.001125
0.001125
0.001125
0.001125
0.001125
0.001125
0.001125
0.001125
0.001125
0.00112499
0.00112499
0.001125
0.001125
0.001125
0.001125
0.001125
0.001125
0.001125
0.001125
0.001125
0.001125
0.001125
0.001125
0.001125
0.001125
0.001125
0.001125
0.001125
0.001125
0.001125
0.001125
0.001125
0.001125
0.001125
0.001125
0.001125
0.001125
0.001125
0.001125
0.001125
0.001125
0.001125
0.001125
0.001125
0.001125
0.001125
0.001125
0.001125
0.001125
0.001125
0.001125
0.001125
0.001125
0.001125
0.001125
0.001125
0.001125
0.001125
0.001125
0.001125
0.001125
0.001125
0.001125
0.001125
0.001125
0.001125
0.001125
0.001125
0.001125
0.001125
0.001125
0.001125
0.001125
0.001125
0.001125
0.001125
0.001125
0.001125
0.001125
0.001125
0.001125
0.001125
0.001125
0.001125
0.001125
0.001125
0.001125
0.001125
0.001125
0.001125
0.001125
0.001125
0.001125
0.001125
0.001125
0.001125
0.001125
0.001125
0.001125
0.001125
0.001125
0.001125
0.001125
0.001125
0.001125
0.001125
0.001125
0.00112499
0.00112498
0.00112497
0.00112498
0.00112499
0.001125
0.001125
0.001125
0.001125
0.001125
0.001125
0.001125
0.001125
0.001125
0.001125
0.001125
0.001125
0.001125
0.001125
0.001125
0.001125
0.001125
0.001125
0.001125
0.001125
0.001125
0.001125
0.001125
0.001125
0.001125
0.001125
0.001125
0.001125
0.001125
0.001125
0.001125
0.001125
0.001125
0.001125
0.001125
0.001125
0.001125
0.001125
0.001125
0.001125
0.001125
0.001125
0.001125
0.001125
0.001125
0.001125
0.001125
0.001125
0.001125
0.001125
0.001125
0.001125
0.001125
0.001125
0.001125
0.001125
0.001125
0.001125
0.001125
0.001125
0.001125
0.001125
0.001125
0.001125
0.001125
0.001125
0.001125
0.001125
0.001125
0.001125
0.001125
0.001125
0.001125
0.001125
0.001125
0.001125
0.001125
0.001125
0.001125
0.001125
0.001125
0.001125
0.001125
0.001125
0.001125
0.001125
0.001125
0.001125
0.001125
0.001125
0.001125
0.001125
0.001125
0.001125
0.00112499
0.00112497
0.00112493
0.00112489
0.00112492
0.00112496
0.00112499
0.001125
0.001125
0.001125
0.001125
0.001125
0.001125
0.001125
0.001125
0.001125
0.001125
0.001125
0.001125
0.001125
0.001125
0.001125
0.001125
0.001125
0.001125
0.001125
0.001125
0.001125
0.001125
0.001125
0.001125
0.001125
0.001125
0.001125
0.001125
0.001125
0.001125
0.001125
0.001125
0.001125
0.001125
0.001125
0.001125
0.001125
0.001125
0.001125
0.001125
0.001125
0.001125
0.001125
0.001125
0.001125
0.001125
0.001125
0.001125
0.001125
0.001125
0.001125
0.001125
0.001125
0.001125
0.001125
0.001125
0.001125
0.001125
0.001125
0.001125
0.001125
0.001125
0.001125
0.001125
0.001125
0.001125
0.001125
0.001125
0.001125
0.001125
0.001125
0.001125
0.001125
0.001125
0.001125
0.001125
0.001125
0.001125
0.001125
0.001125
0.001125
0.001125
0.001125
0.001125
0.001125
0.001125
0.001125
0.001125
0.001125
0.001125
0.001125
0.001125
0.00112499
0.00112497
0.0011249
0.00112479
0.00112474
0.00112481
0.00112491
0.00112497
0.00112499
0.001125
0.001125
0.001125
0.001125
0.001125
0.001125
0.001125
0.001125
0.001125
0.001125
0.001125
0.001125
0.001125
0.001125
0.001125
0.001125
0.001125
0.001125
0.001125
0.001125
0.001125
0.001125
0.001125
0.001125
0.001125
0.001125
0.001125
0.001125
0.001125
0.001125
0.001125
0.001125
0.001125
0.001125
0.001125
0.001125
0.001125
0.001125
0.001125
0.001125
0.001125
0.001125
0.001125
0.001125
0.001125
0.001125
0.001125
0.001125
0.001125
0.001125
0.001125
0.001125
0.001125
0.001125
0.001125
0.001125
0.001125
0.001125
0.001125
0.001125
0.001125
0.001125
0.001125
0.001125
0.001125
0.001125
0.001125
0.001125
0.001125
0.001125
0.001125
0.001125
0.001125
0.001125
0.001125
0.001125
0.001125
0.001125
0.001125
0.001125
0.001125
0.001125
0.001125
0.001125
0.001125
0.001125
0.001125
0.001125
0.001125
0.001125
0.00112498
0.00112493
0.00112484
0.00112468
0.00112449
0.0011245
0.00112465
0.00112483
0.00112494
0.00112499
0.001125
0.001125
0.001125
0.001125
0.001125
0.001125
0.001125
0.001125
0.001125
0.001125
0.001125
0.001125
0.001125
0.001125
0.001125
0.001125
0.001125
0.001125
0.001125
0.001125
0.001125
0.001125
0.001125
0.001125
0.001125
0.001125
0.001125
0.001125
0.001125
0.001125
0.001125
0.001125
0.001125
0.001125
0.001125
0.001125
0.001125
0.001125
0.001125
0.001125
0.001125
0.001125
0.001125
0.001125
0.001125
0.001125
0.001125
0.001125
0.001125
0.001125
0.001125
0.001125
0.001125
0.001125
0.001125
0.001125
0.001125
0.001125
0.001125
0.001125
0.001125
0.001125
0.001125
0.001125
0.001125
0.001125
0.001125
0.001125
0.001125
0.001125
0.001125
0.001125
0.001125
0.001125
0.001125
0.001125
0.001125
0.001125
0.001125
0.001125
0.001125
0.001125
0.001125
0.001125
0.001125
0.001125
0.001125
0.001125
0.00112499
0.00112496
0.00112484
0.00112451
0.0011243
0.00112412
0.00112402
0.00112418
0.00112449
0.00112477
0.00112493
0.00112498
0.001125
0.001125
0.001125
0.001125
0.001125
0.001125
0.001125
0.001125
0.001125
0.001125
0.001125
0.001125
0.001125
0.001125
0.001125
0.001125
0.001125
0.001125
0.001125
0.001125
0.001125
0.001125
0.001125
0.001125
0.001125
0.001125
0.001125
0.001125
0.001125
0.001125
0.001125
0.001125
0.001125
0.001125
0.001125
0.001125
0.001125
0.001125
0.001125
0.001125
0.001125
0.001125
0.001125
0.001125
0.001125
0.001125
0.001125
0.001125
0.001125
0.001125
0.001125
0.001125
0.001125
0.001125
0.001125
0.001125
0.001125
0.001125
0.001125
0.001125
0.001125
0.001125
0.001125
0.001125
0.001125
0.001125
0.001125
0.001125
0.001125
0.001125
0.001125
0.001125
0.001125
0.001125
0.001125
0.001125
0.001125
0.001125
0.001125
0.001125
0.001125
0.001125
0.001125
0.001125
0.001125
0.001125
0.00112499
0.00112495
0.00112482
0.00112459
0.0011237
0.00112197
0.00112168
0.00112228
0.00112295
0.0011233
0.00112424
0.0011247
0.00112492
0.00112498
0.001125
0.001125
0.001125
0.001125
0.001125
0.001125
0.001125
0.001125
0.001125
0.001125
0.001125
0.001125
0.001125
0.001125
0.001125
0.001125
0.001125
0.001125
0.001125
0.001125
0.001125
0.001125
0.001125
0.001125
0.001125
0.001125
0.001125
0.001125
0.001125
0.001125
0.001125
0.001125
0.001125
0.001125
0.001125
0.001125
0.001125
0.001125
0.001125
0.001125
0.001125
0.001125
0.001125
0.001125
0.001125
0.001125
0.001125
0.001125
0.001125
0.001125
0.001125
0.001125
0.001125
0.001125
0.001125
0.001125
0.001125
0.001125
0.001125
0.001125
0.001125
0.001125
0.001125
0.001125
0.001125
0.001125
0.001125
0.001125
0.001125
0.001125
0.001125
0.001125
0.001125
0.001125
0.001125
0.001125
0.001125
0.001125
0.001125
0.001125
0.001125
0.001125
0.001125
0.001125
0.00112499
0.00112497
0.00112483
0.00112447
0.00112319
0.00112143
0.00111574
0.00110866
0.00110824
0.00111219
0.00111637
0.00111673
0.00112197
0.00112351
0.00112458
0.00112487
0.00112498
0.001125
0.001125
0.001125
0.001125
0.001125
0.001125
0.001125
0.001125
0.001125
0.001125
0.001125
0.001125
0.001125
0.001125
0.001125
0.001125
0.001125
0.001125
0.001125
0.001125
0.001125
0.001125
0.001125
0.001125
0.001125
0.001125
0.001125
0.001125
0.001125
0.001125
0.001125
0.001125
0.001125
0.001125
0.001125
0.001125
0.001125
0.001125
0.001125
0.001125
0.001125
0.001125
0.001125
0.001125
0.001125
0.001125
0.001125
0.001125
0.001125
0.001125
0.001125
0.001125
0.001125
0.001125
0.001125
0.001125
0.001125
0.001125
0.001125
0.001125
0.001125
0.001125
0.001125
0.001125
0.001125
0.001125
0.001125
0.001125
0.001125
0.001125
0.001125
0.001125
0.001125
0.001125
0.001125
0.001125
0.001125
0.001125
0.001125
0.001125
0.001125
0.001125
0.00112499
0.00112494
0.00112464
0.00112338
0.00112039
0.00111102
0.00110083
0.0010719
0.00105077
0.00104677
0.00105879
0.00107508
0.00107442
0.00110323
0.00111294
0.00112107
0.00112361
0.00112472
0.00112496
0.00112499
0.001125
0.001125
0.001125
0.001125
0.001125
0.001125
0.001125
0.001125
0.001125
0.001125
0.001125
0.001125
0.001125
0.001125
0.001125
0.001125
0.001125
0.001125
0.001125
0.001125
0.001125
0.001125
0.001125
0.001125
0.001125
0.001125
0.001125
0.001125
0.001125
0.001125
0.001125
0.001125
0.001125
0.001125
0.001125
0.001125
0.001125
0.001125
0.001125
0.001125
0.001125
0.001125
0.001125
0.001125
0.001125
0.001125
0.001125
0.001125
0.001125
0.001125
0.001125
0.001125
0.001125
0.001125
0.001125
0.001125
0.001125
0.001125
0.001125
0.001125
0.001125
0.001125
0.001125
0.001125
0.001125
0.001125
0.001125
0.001125
0.001125
0.001125
0.001125
0.001125
0.001125
0.001125
0.001125
0.001125
0.001125
0.001125
0.001125
0.00112499
0.00112491
0.00112445
0.00112196
0.00111282
0.00109445
0.00104466
0.00100318
0.000897247
0.000853922
0.000831349
0.000851253
0.000892912
0.000896219
0.00100764
0.00105266
0.00109743
0.00111381
0.00112232
0.00112455
0.00112494
0.00112499
0.001125
0.001125
0.001125
0.001125
0.001125
0.001125
0.001125
0.001125
0.001125
0.001125
0.001125
0.001125
0.001125
0.001125
0.001125
0.001125
0.001125
0.001125
0.001125
0.001125
0.001125
0.001125
0.001125
0.001125
0.001125
0.001125
0.001125
0.001125
0.001125
0.001125
0.001125
0.001125
0.001125
0.001125
0.001125
0.001125
0.001125
0.001125
0.001125
0.001125
0.001125
0.001125
0.001125
0.001125
0.001125
0.001125
0.001125
0.001125
0.001125
0.001125
0.001125
0.001125
0.001125
0.001125
0.001125
0.001125
0.001125
0.001125
0.001125
0.001125
0.001125
0.001125
0.001125
0.001125
0.001125
0.001125
0.001125
0.001125
0.001125
0.001125
0.001125
0.001125
0.001125
0.001125
0.001125
0.001125
0.001125
0.00112499
0.00112491
0.00112435
0.00112095
0.00110492
0.00105622
0.000977224
0.000798612
0.000691617
0.000455282
0.000389969
0.000331997
0.000340823
0.000403081
0.000434055
0.000688161
0.000818604
0.000984521
0.00105818
0.00110584
0.00112125
0.00112443
0.00112493
0.00112499
0.001125
0.001125
0.001125
0.001125
0.001125
0.001125
0.001125
0.001125
0.001125
0.001125
0.001125
0.001125
0.001125
0.001125
0.001125
0.001125
0.001125
0.001125
0.001125
0.001125
0.001125
0.001125
0.001125
0.001125
0.001125
0.001125
0.001125
0.001125
0.001125
0.001125
0.001125
0.001125
0.001125
0.001125
0.001125
0.001125
0.001125
0.001125
0.001125
0.001125
0.001125
0.001125
0.001125
0.001125
0.001125
0.001125
0.001125
0.001125
0.001125
0.001125
0.001125
0.001125
0.001125
0.001125
0.001125
0.001125
0.001125
0.001125
0.001125
0.001125
0.001125
0.001125
0.001125
0.001125
0.001125
0.001125
0.001125
0.001125
0.001125
0.001125
0.001125
0.001125
0.001125
0.001125
0.001125
0.00112499
0.00112493
0.0011244
0.00112078
0.0011012
0.00102574
0.00084706
0.000631692
0.000254024
0.000100096
-9.10682e-05
-0.000204536
-0.000275953
-0.000279937
-0.000224332
-0.000131291
7.5662e-05
0.000276977
0.000634162
0.000844048
0.00102517
0.00110108
0.00112082
0.00112443
0.00112494
0.00112499
0.001125
0.001125
0.001125
0.001125
0.001125
0.001125
0.001125
0.001125
0.001125
0.001125
0.001125
0.001125
0.001125
0.001125
0.001125
0.001125
0.001125
0.001125
0.001125
0.001125
0.001125
0.001125
0.001125
0.001125
0.001125
0.001125
0.001125
0.001125
0.001125
0.001125
0.001125
0.001125
0.001125
0.001125
0.001125
0.001125
0.001125
0.001125
0.001125
0.001125
0.001125
0.001125
0.001125
0.001125
0.001125
0.001125
0.001125
0.001125
0.001125
0.001125
0.001125
0.001125
0.001125
0.001125
0.001125
0.001125
0.001125
0.001125
0.001125
0.001125
0.001125
0.001125
0.001125
0.001125
0.001125
0.001125
0.001125
0.001125
0.001125
0.001125
0.001125
0.001125
0.001125
0.001125
0.00112495
0.00112455
0.00112134
0.0011021
0.00101842
0.000777462
0.000383338
5.95866e-05
-0.000263846
-0.000464738
-0.000694657
-0.000750118
-0.000796647
-0.000815889
-0.000793012
-0.000722722
-0.000468715
-0.000252507
3.31739e-05
0.000359806
0.00076705
0.00101387
0.00110103
0.00112124
0.00112456
0.00112496
0.001125
0.001125
0.001125
0.001125
0.001125
0.001125
0.001125
0.001125
0.001125
0.001125
0.001125
0.001125
0.001125
0.001125
0.001125
0.001125
0.001125
0.001125
0.001125
0.001125
0.001125
0.001125
0.001125
0.001125
0.001125
0.001125
0.001125
0.001125
0.001125
0.001125
0.001125
0.001125
0.001125
0.001125
0.001125
0.001125
0.001125
0.001125
0.001125
0.001125
0.001125
0.001125
0.001125
0.001125
0.001125
0.001125
0.001125
0.001125
0.001125
0.001125
0.001125
0.001125
0.001125
0.001125
0.001125
0.001125
0.001125
0.001125
0.001125
0.001125
0.001125
0.001125
0.001125
0.001125
0.001125
0.001125
0.001125
0.001125
0.001125
0.001125
0.001125
0.001125
0.001125
0.00112497
0.0011247
0.00112233
0.00110648
0.00102965
0.000781088
0.000323998
-3.6523e-05
-0.000394723
-0.000776422
-0.000916329
-0.00100891
-0.00101931
-0.00103593
-0.00104624
-0.0010423
-0.00101987
-0.000918525
-0.000780234
-0.000424539
-6.3319e-05
0.00030534
0.000766984
0.00102473
0.00110565
0.00112228
0.00112471
0.00112498
0.001125
0.001125
0.001125
0.001125
0.001125
0.001125
0.001125
0.001125
0.001125
0.001125
0.001125
0.001125
0.001125
0.001125
0.001125
0.001125
0.001125
0.001125
0.001125
0.001125
0.001125
0.001125
0.001125
0.001125
0.001125
0.001125
0.001125
0.001125
0.001125
0.001125
0.001125
0.001125
0.001125
0.001125
0.001125
0.001125
0.001125
0.001125
0.001125
0.001125
0.001125
0.001125
0.001125
0.001125
0.001125
0.001125
0.001125
0.001125
0.001125
0.001125
0.001125
0.001125
0.001125
0.001125
0.001125
0.001125
0.001125
0.001125
0.001125
0.001125
0.001125
0.001125
0.001125
0.001125
0.001125
0.001125
0.001125
0.001125
0.001125
0.001125
0.001125
0.00112499
0.00112486
0.00112359
0.00111404
0.00106078
0.000856296
0.000385434
-5.4215e-05
-0.000546248
-0.00084771
-0.00102816
-0.00108052
-0.00110294
-0.00110332
-0.0011071
-0.00110947
-0.00110982
-0.0011059
-0.00108198
-0.00103371
-0.000865674
-0.000568715
-6.64575e-05
0.000363569
0.000843739
0.00105752
0.00111361
0.00112358
0.00112486
0.00112499
0.00112499
0.00112499
0.001125
0.001125
0.001125
0.001125
0.001125
0.001125
0.001125
0.001125
0.001125
0.001125
0.001125
0.001125
0.001125
0.001125
0.001125
0.001125
0.001125
0.001125
0.001125
0.001125
0.001125
0.001125
0.001125
0.001125
0.001125
0.001125
0.001125
0.001125
0.001125
0.001125
0.001125
0.001125
0.001125
0.001125
0.001125
0.001125
0.001125
0.001125
0.001125
0.001125
0.001125
0.001125
0.001125
0.001125
0.001125
0.001125
0.001125
0.001125
0.001125
0.001125
0.001125
0.001125
0.001125
0.001125
0.001125
0.001125
0.001125
0.001125
0.001125
0.001125
0.001125
0.001125
0.001125
0.001125
0.001125
0.001125
0.001125
0.001125
0.00112496
0.00112456
0.00112101
0.00109777
0.000989016
0.000654897
7.46348e-05
-0.000397414
-0.000852994
-0.00104244
-0.00110324
-0.0011174
-0.00112175
-0.0011216
-0.00112218
-0.00112232
-0.00112277
-0.00112152
-0.00111631
-0.00110369
-0.00104408
-0.00085196
-0.000399385
5.05072e-05
0.000632384
0.000980859
0.00109615
0.00112082
0.00112455
0.00112495
0.00112496
0.00112496
0.00112498
0.00112499
0.001125
0.001125
0.001125
0.001125
0.001125
0.001125
0.001125
0.001125
0.001125
0.001125
0.001125
0.001125
0.001125
0.001125
0.001125
0.001125
0.001125
0.001125
0.001125
0.001125
0.001125
0.001125
0.001125
0.001125
0.001125
0.001125
0.001125
0.001125
0.001125
0.001125
0.001125
0.001125
0.001125
0.001125
0.001125
0.001125
0.001125
0.001125
0.001125
0.001125
0.001125
0.001125
0.001125
0.001125
0.001125
0.001125
0.001125
0.001125
0.001125
0.001125
0.001125
0.001125
0.001125
0.001125
0.001125
0.001125
0.001125
0.001125
0.001125
0.001125
0.001125
0.001125
0.001125
0.001125
0.001125
0.00112499
0.00112484
0.00112341
0.00111241
0.00105104
0.000816907
0.000281472
-0.000241183
-0.000772325
-0.00103118
-0.00110528
-0.00112073
-0.00112375
-0.00112455
-0.00112455
-0.00112461
-0.00112453
-0.0011244
-0.00112324
-0.00112144
-0.00111896
-0.00110334
-0.00103083
-0.000780515
-0.000274686
0.000247721
0.000800116
0.00104636
0.00111156
0.00112331
0.00112478
0.00112484
0.00112487
0.00112492
0.00112497
0.00112499
0.001125
0.001125
0.001125
0.001125
0.001125
0.001125
0.001125
0.001125
0.001125
0.001125
0.001125
0.001125
0.001125
0.001125
0.001125
0.001125
0.001125
0.001125
0.001125
0.001125
0.001125
0.001125
0.001125
0.001125
0.001125
0.001125
0.001125
0.001125
0.001125
0.001125
0.001125
0.001125
0.001125
0.001125
0.001125
0.001125
0.001125
0.001125
0.001125
0.001125
0.001125
0.001125
0.001125
0.001125
0.001125
0.001125
0.001125
0.001125
0.001125
0.001125
0.001125
0.001125
0.001125
0.001125
0.001125
0.001125
0.001125
0.001125
0.001125
0.001125
0.001125
0.001125
0.001125
0.001125
0.00112496
0.00112459
0.0011214
0.00110064
0.00100275
0.000692483
0.000106601
-0.000454671
-0.000912236
-0.00108043
-0.00111821
-0.00112401
-0.00112476
-0.00112491
-0.00112492
-0.00112492
-0.00112487
-0.00112461
-0.00112381
-0.00112258
-0.00112178
-0.00111717
-0.00108273
-0.000920305
-0.000473737
8.47465e-05
0.000696136
0.0010105
0.00110383
0.00112213
0.00112447
0.0011246
0.00112469
0.00112482
0.00112492
0.00112498
0.00112499
0.001125
0.001125
0.001125
0.001125
0.001125
0.001125
0.001125
0.001125
0.001125
0.001125
0.001125
0.001125
0.001125
0.001125
0.001125
0.001125
0.001125
0.001125
0.001125
0.001125
0.001125
0.001125
0.001125
0.001125
0.001125
0.001125
0.001125
0.001125
0.001125
0.001125
0.001125
0.001125
0.001125
0.001125
0.001125
0.001125
0.001125
0.001125
0.001125
0.001125
0.001125
0.001125
0.001125
0.001125
0.001125
0.001125
0.001125
0.001125
0.001125
0.001125
0.001125
0.001125
0.001125
0.001125
0.001125
0.001125
0.001125
0.001125
0.001125
0.001125
0.001125
0.001125
0.00112498
0.00112485
0.00112369
0.00111549
0.00107035
0.000892501
0.000449074
-9.44517e-05
-0.000691771
-0.00100673
-0.00110239
-0.00112176
-0.0011246
-0.00112492
-0.00112496
-0.00112496
-0.00112496
-0.00112493
-0.00112479
-0.00112436
-0.0011236
-0.00112315
-0.00112164
-0.00110449
-0.00101255
-0.000700755
-9.42573e-05
0.000463166
0.000909288
0.00107803
0.00111753
0.00112366
0.0011243
0.0011245
0.00112471
0.00112487
0.00112496
0.00112499
0.001125
0.001125
0.001125
0.001125
0.001125
0.001125
0.001125
0.001125
0.001125
0.001125
0.001125
0.001125
0.001125
0.001125
0.001125
0.001125
0.001125
0.001125
0.001125
0.001125
0.001125
0.001125
0.001125
0.001125
0.001125
0.001125
0.001125
0.001125
0.001125
0.001125
0.001125
0.001125
0.001125
0.001125
0.001125
0.001125
0.001125
0.001125
0.001125
0.001125
0.001125
0.001125
0.001125
0.001125
0.001125
0.001125
0.001125
0.001125
0.001125
0.001125
0.001125
0.001125
0.001125
0.001125
0.001125
0.001125
0.001125
0.001125
0.001125
0.001125
0.001125
0.00112499
0.00112494
0.00112456
0.00112218
0.00110948
0.00105317
0.000859052
0.000398226
-0.000192915
-0.000746783
-0.00102015
-0.00110407
-0.00112183
-0.0011246
-0.00112493
-0.00112496
-0.00112496
-0.00112496
-0.00112496
-0.00112492
-0.00112476
-0.00112444
-0.00112421
-0.00112298
-0.0011104
-0.00104233
-0.000790379
-0.000219299
0.000402472
0.000891736
0.00107465
0.00111647
0.00112307
0.00112408
0.00112441
0.00112468
0.00112487
0.00112496
0.00112499
0.001125
0.001125
0.001125
0.001125
0.001125
0.001125
0.001125
0.001125
0.001125
0.001125
0.001125
0.001125
0.001125
0.001125
0.001125
0.001125
0.001125
0.001125
0.001125
0.001125
0.001125
0.001125
0.001125
0.001125
0.001125
0.001125
0.001125
0.001125
0.001125
0.001125
0.001125
0.001125
0.001125
0.001125
0.001125
0.001125
0.001125
0.001125
0.001125
0.001125
0.001125
0.001125
0.001125
0.001125
0.001125
0.001125
0.001125
0.001125
0.001125
0.001125
0.001125
0.001125
0.001125
0.001125
0.001125
0.001125
0.001125
0.001125
0.001125
0.001125
0.00112499
0.00112497
0.00112487
0.00112446
0.00112241
0.00111098
0.00105466
0.000845838
0.000342363
-0.000273599
-0.000806684
-0.00104333
-0.00110978
-0.00112283
-0.00112473
-0.00112494
-0.00112496
-0.00112496
-0.00112496
-0.00112496
-0.00112496
-0.00112492
-0.00112483
-0.00112468
-0.0011232
-0.00111203
-0.00105281
-0.000830405
-0.000302849
0.000319059
0.000838227
0.00105419
0.00111095
0.00112189
0.00112387
0.00112446
0.00112477
0.00112493
0.00112498
0.001125
0.001125
0.001125
0.001125
0.001125
0.001125
0.001125
0.001125
0.001125
0.001125
0.001125
0.001125
0.001125
0.001125
0.001125
0.001125
0.001125
0.001125
0.001125
0.001125
0.001125
0.001125
0.001125
0.001125
0.001125
0.001125
0.001125
0.001125
0.001125
0.001125
0.001125
0.001125
0.001125
0.001125
0.001125
0.001125
0.001125
0.001125
0.001125
0.001125
0.001125
0.001125
0.001125
0.001125
0.001125
0.001125
0.001125
0.001125
0.001125
0.001125
0.001125
0.001125
0.001125
0.001125
0.001125
0.001125
0.001125
0.001125
0.001125
0.001125
0.00112499
0.00112497
0.0011249
0.00112468
0.00112415
0.00112251
0.00111329
0.00106246
0.000858661
0.000345994
-0.000281468
-0.000822044
-0.00105129
-0.00111204
-0.00112325
-0.00112479
-0.00112495
-0.00112496
-0.00112496
-0.00112496
-0.00112496
-0.00112497
-0.00112496
-0.00112493
-0.00112468
-0.00112244
-0.0011078
-0.00103688
-0.000795991
-0.00027261
0.000333715
0.000829434
0.00104387
0.001106
0.0011203
0.00112362
0.00112458
0.00112488
0.00112497
0.00112499
0.001125
0.001125
0.001125
0.001125
0.001125
0.001125
0.001125
0.001125
0.001125
0.001125
0.001125
0.001125
0.001125
0.001125
0.001125
0.001125
0.001125
0.001125
0.001125
0.001125
0.001125
0.001125
0.001125
0.001125
0.001125
0.001125
0.001125
0.001125
0.001125
0.001125
0.001125
0.001125
0.001125
0.001125
0.001125
0.001125
0.001125
0.001125
0.001125
0.001125
0.001125
0.001125
0.001125
0.001125
0.001125
0.001125
0.001125
0.001125
0.001125
0.001125
0.001125
0.001125
0.001125
0.001125
0.001125
0.001125
0.001125
0.001125
0.001125
0.001125
0.00112498
0.00112493
0.00112477
0.00112445
0.00112396
0.00112298
0.00111667
0.001076
0.000895368
0.000406498
-0.000221137
-0.000792364
-0.00104316
-0.00111059
-0.00112306
-0.00112476
-0.00112495
-0.00112496
-0.00112496
-0.00112497
-0.00112497
-0.00112497
-0.00112497
-0.00112493
-0.00112459
-0.00112175
-0.00110399
-0.00102188
-0.00075658
-0.00021227
0.000387953
0.000850978
0.00104767
0.00110687
0.0011212
0.00112422
0.00112483
0.00112497
0.00112499
0.001125
0.001125
0.001125
0.001125
0.001125
0.001125
0.001125
0.001125
0.001125
0.001125
0.001125
0.001125
0.001125
0.001125
0.001125
0.001125
0.001125
0.001125
0.001125
0.001125
0.001125
0.001125
0.001125
0.001125
0.001125
0.001125
0.001125
0.001125
0.001125
0.001125
0.001125
0.001125
0.001125
0.001125
0.001125
0.001125
0.001125
0.001125
0.001125
0.001125
0.001125
0.001125
0.001125
0.001125
0.001125
0.001125
0.001125
0.001125
0.001125
0.001125
0.001125
0.001125
0.001125
0.001125
0.001125
0.001125
0.001125
0.001125
0.001125
0.001125
0.00112499
0.00112496
0.00112488
0.00112472
0.00112447
0.00112413
0.00112327
0.00111683
0.00107498
0.000898756
0.000441624
-0.000117235
-0.000713821
-0.00101675
-0.0011049
-0.00112207
-0.0011246
-0.00112492
-0.00112496
-0.00112496
-0.00112496
-0.00112497
-0.00112497
-0.00112496
-0.00112492
-0.00112468
-0.00112229
-0.0011054
-0.00101912
-0.000724288
-0.000138169
0.000422721
0.000884128
0.00106827
0.00111484
0.00112345
0.00112477
0.00112496
0.00112499
0.001125
0.001125
0.001125
0.001125
0.001125
0.001125
0.001125
0.001125
0.001125
0.001125
0.001125
0.001125
0.001125
0.001125
0.001125
0.001125
0.001125
0.001125
0.001125
0.001125
0.001125
0.001125
0.001125
0.001125
0.001125
0.001125
0.001125
0.001125
0.001125
0.001125
0.001125
0.001125
0.001125
0.001125
0.001125
0.001125
0.001125
0.001125
0.001125
0.001125
0.001125
0.001125
0.001125
0.001125
0.001125
0.001125
0.001125
0.001125
0.001125
0.001125
0.001125
0.001125
0.001125
0.001125
0.001125
0.001125
0.001125
0.001125
0.001125
0.001125
0.001125
0.00112499
0.00112497
0.00112491
0.00112479
0.00112463
0.00112446
0.00112423
0.00112209
0.00110408
0.00101171
0.00070055
9.49541e-05
-0.000456318
-0.000913428
-0.00108008
-0.00111745
-0.00112379
-0.00112477
-0.00112492
-0.00112491
-0.00112493
-0.00112494
-0.00112495
-0.00112489
-0.00112469
-0.00112405
-0.00111863
-0.00108262
-0.00092034
-0.000476446
6.45186e-05
0.000671162
0.000998072
0.00110015
0.00112136
0.00112457
0.00112495
0.00112499
0.001125
0.001125
0.001125
0.001125
0.001125
0.001125
0.001125
0.001125
0.001125
0.001125
0.001125
0.001125
0.001125
0.001125
0.001125
0.001125
0.001125
0.001125
0.001125
0.001125
0.001125
0.001125
0.001125
0.001125
0.001125
0.001125
0.001125
0.001125
0.001125
0.001125
0.001125
0.001125
0.001125
0.001125
0.001125
0.001125
0.001125
0.001125
0.001125
0.001125
0.001125
0.001125
0.001125
0.001125
0.001125
0.001125
0.001125
0.001125
0.001125
0.001125
0.001125
0.001125
0.001125
0.001125
0.001125
0.001125
0.001125
0.001125
0.001125
0.001125
0.001125
0.001125
0.001125
0.00112499
0.00112496
0.0011249
0.00112482
0.00112476
0.0011247
0.0011235
0.00111292
0.00105287
0.000820568
0.000283922
-0.000242993
-0.000774394
-0.00103029
-0.00110393
-0.00112082
-0.00112403
-0.0011246
-0.00112457
-0.0011247
-0.00112471
-0.00112473
-0.00112449
-0.0011235
-0.00112081
-0.00110598
-0.00103394
-0.000777551
-0.000247135
0.000274386
0.00081338
0.00105028
0.00111234
0.0011234
0.00112485
0.00112499
0.001125
0.001125
0.001125
0.001125
0.001125
0.001125
0.001125
0.001125
0.001125
0.001125
0.001125
0.001125
0.001125
0.001125
0.001125
0.001125
0.001125
0.001125
0.001125
0.001125
0.001125
0.001125
0.001125
0.001125
0.001125
0.001125
0.001125
0.001125
0.001125
0.001125
0.001125
0.001125
0.001125
0.001125
0.001125
0.001125
0.001125
0.001125
0.001125
0.001125
0.001125
0.001125
0.001125
0.001125
0.001125
0.001125
0.001125
0.001125
0.001125
0.001125
0.001125
0.001125
0.001125
0.001125
0.001125
0.001125
0.001125
0.001125
0.001125
0.001125
0.001125
0.001125
0.001125
0.001125
0.001125
0.00112499
0.00112497
0.00112494
0.00112492
0.00112492
0.00112458
0.00112107
0.0010976
0.000985972
0.000640118
4.38272e-05
-0.000418015
-0.000862303
-0.00104447
-0.0011052
-0.0011185
-0.00112196
-0.00112195
-0.00112265
-0.00112262
-0.00112279
-0.00112187
-0.00111716
-0.0011042
-0.00104717
-0.000871613
-0.00043322
3.33452e-05
0.000627232
0.000979252
0.00109564
0.00112069
0.00112452
0.00112496
0.001125
0.001125
0.001125
0.001125
0.001125
0.001125
0.001125
0.001125
0.001125
0.001125
0.001125
0.001125
0.001125
0.001125
0.001125
0.001125
0.001125
0.001125
0.001125
0.001125
0.001125
0.001125
0.001125
0.001125
0.001125
0.001125
0.001125
0.001125
0.001125
0.001125
0.001125
0.001125
0.001125
0.001125
0.001125
0.001125
0.001125
0.001125
0.001125
0.001125
0.001125
0.001125
0.001125
0.001125
0.001125
0.001125
0.001125
0.001125
0.001125
0.001125
0.001125
0.001125
0.001125
0.001125
0.001125
0.001125
0.001125
0.001125
0.001125
0.001125
0.001125
0.001125
0.001125
0.001125
0.001125
0.001125
0.001125
0.00112499
0.00112499
0.00112498
0.00112498
0.00112487
0.00112359
0.00111369
0.00105797
0.000845152
0.00036699
-5.01621e-05
-0.000561554
-0.000851149
-0.00103035
-0.00108218
-0.00110399
-0.00110554
-0.00110903
-0.00110874
-0.00110914
-0.00110485
-0.00108183
-0.00103192
-0.000857129
-0.000572442
-7.51406e-05
0.000354544
0.000839224
0.00105556
0.00111299
0.00112344
0.00112484
0.00112499
0.001125
0.001125
0.001125
0.001125
0.001125
0.001125
0.001125
0.001125
0.001125
0.001125
0.001125
0.001125
0.001125
0.001125
0.001125
0.001125
0.001125
0.001125
0.001125
0.001125
0.001125
0.001125
0.001125
0.001125
0.001125
0.001125
0.001125
0.001125
0.001125
0.001125
0.001125
0.001125
0.001125
0.001125
0.001125
0.001125
0.001125
0.001125
0.001125
0.001125
0.001125
0.001125
0.001125
0.001125
0.001125
0.001125
0.001125
0.001125
0.001125
0.001125
0.001125
0.001125
0.001125
0.001125
0.001125
0.001125
0.001125
0.001125
0.001125
0.001125
0.001125
0.001125
0.001125
0.001125
0.001125
0.001125
0.001125
0.001125
0.001125
0.001125
0.001125
0.00112498
0.00112471
0.00112228
0.00110566
0.00102499
0.00076874
0.000311066
-6.63471e-05
-0.000398586
-0.000777315
-0.00091898
-0.00101395
-0.00102773
-0.00104174
-0.00104032
-0.00103822
-0.001017
-0.000922547
-0.00078732
-0.00040902
-6.18482e-05
0.000300167
0.000764134
0.00102286
0.00110468
0.00112196
0.00112464
0.00112496
0.001125
0.001125
0.001125
0.001125
0.001125
0.001125
0.001125
0.001125
0.001125
0.001125
0.001125
0.001125
0.001125
0.001125
0.001125
0.001125
0.001125
0.001125
0.001125
0.001125
0.001125
0.001125
0.001125
0.001125
0.001125
0.001125
0.001125
0.001125
0.001125
0.001125
0.001125
0.001125
0.001125
0.001125
0.001125
0.001125
0.001125
0.001125
0.001125
0.001125
0.001125
0.001125
0.001125
0.001125
0.001125
0.001125
0.001125
0.001125
0.001125
0.001125
0.001125
0.001125
0.001125
0.001125
0.001125
0.001125
0.001125
0.001125
0.001125
0.001125
0.001125
0.001125
0.001125
0.001125
0.001125
0.001125
0.001125
0.001125
0.001125
0.001125
0.001125
0.001125
0.001125
0.00112496
0.00112454
0.00112122
0.00110115
0.00101512
0.000772148
0.00036944
5.3476e-05
-0.000268078
-0.000471698
-0.000709883
-0.000765856
-0.000807042
-0.000804446
-0.000785295
-0.000715132
-0.000479899
-0.000285159
3.82656e-05
0.000358839
0.000762082
0.00101177
0.00110002
0.00112076
0.00112438
0.00112491
0.00112499
0.001125
0.001125
0.001125
0.001125
0.001125
0.001125
0.001125
0.001125
0.001125
0.001125
0.001125
0.001125
0.001125
0.001125
0.001125
0.001125
0.001125
0.001125
0.001125
0.001125
0.001125
0.001125
0.001125
0.001125
0.001125
0.001125
0.001125
0.001125
0.001125
0.001125
0.001125
0.001125
0.001125
0.001125
0.001125
0.001125
0.001125
0.001125
0.001125
0.001125
0.001125
0.001125
0.001125
0.001125
0.001125
0.001125
0.001125
0.001125
0.001125
0.001125
0.001125
0.001125
0.001125
0.001125
0.001125
0.001125
0.001125
0.001125
0.001125
0.001125
0.001125
0.001125
0.001125
0.001125
0.001125
0.001125
0.001125
0.001125
0.001125
0.001125
0.001125
0.001125
0.001125
0.00112499
0.00112494
0.00112444
0.0011209
0.00110163
0.00102733
0.000848778
0.000635255
0.000251834
8.25165e-05
-0.00011322
-0.000208877
-0.000283779
-0.000286929
-0.000231383
-0.000117849
7.51723e-05
0.000237241
0.000613357
0.000833292
0.0010196
0.00109928
0.00112022
0.00112415
0.00112482
0.00112496
0.00112499
0.001125
0.001125
0.001125
0.001125
0.001125
0.001125
0.001125
0.001125
0.001125
0.001125
0.001125
0.001125
0.001125
0.001125
0.001125
0.001125
0.001125
0.001125
0.001125
0.001125
0.001125
0.001125
0.001125
0.001125
0.001125
0.001125
0.001125
0.001125
0.001125
0.001125
0.001125
0.001125
0.001125
0.001125
0.001125
0.001125
0.001125
0.001125
0.001125
0.001125
0.001125
0.001125
0.001125
0.001125
0.001125
0.001125
0.001125
0.001125
0.001125
0.001125
0.001125
0.001125
0.001125
0.001125
0.001125
0.001125
0.001125
0.001125
0.001125
0.001125
0.001125
0.001125
0.001125
0.001125
0.001125
0.001125
0.001125
0.001125
0.001125
0.001125
0.001125
0.001125
0.001125
0.001125
0.00112499
0.00112493
0.00112446
0.0011214
0.00110639
0.00105939
0.000982141
0.00080169
0.000692066
0.000445321
0.000396321
0.000324552
0.000314442
0.000373804
0.000441359
0.00068499
0.000792564
0.000970006
0.00105177
0.00110328
0.00112046
0.00112412
0.00112477
0.00112493
0.00112498
0.001125
0.001125
0.001125
0.001125
0.001125
0.001125
0.001125
0.001125
0.001125
0.001125
0.001125
0.001125
0.001125
0.001125
0.001125
0.001125
0.001125
0.001125
0.001125
0.001125
0.001125
0.001125
0.001125
0.001125
0.001125
0.001125
0.001125
0.001125
0.001125
0.001125
0.001125
0.001125
0.001125
0.001125
0.001125
0.001125
0.001125
0.001125
0.001125
0.001125
0.001125
0.001125
0.001125
0.001125
0.001125
0.001125
0.001125
0.001125
0.001125
0.001125
0.001125
0.001125
0.001125
0.001125
0.001125
0.001125
0.001125
0.001125
0.001125
0.001125
0.001125
0.001125
0.001125
0.001125
0.001125
0.001125
0.001125
0.001125
0.001125
0.001125
0.001125
0.001125
0.001125
0.001125
0.001125
0.001125
0.00112499
0.00112494
0.00112458
0.00112242
0.00111403
0.00109649
0.00104677
0.00100839
0.00089894
0.000878308
0.000832047
0.000814011
0.000844801
0.000895136
0.00100467
0.00104355
0.00109275
0.00111189
0.00112164
0.00112433
0.00112481
0.00112493
0.00112498
0.001125
0.001125
0.001125
0.001125
0.001125
0.001125
0.001125
0.001125
0.001125
0.001125
0.001125
0.001125
0.001125
0.001125
0.001125
0.001125
0.001125
0.001125
0.001125
0.001125
0.001125
0.001125
0.001125
0.001125
0.001125
0.001125
0.001125
0.001125
0.001125
0.001125
0.001125
0.001125
0.001125
0.001125
0.001125
0.001125
0.001125
0.001125
0.001125
0.001125
0.001125
0.001125
0.001125
0.001125
0.001125
0.001125
0.001125
0.001125
0.001125
0.001125
0.001125
0.001125
0.001125
0.001125
0.001125
0.001125
0.001125
0.001125
0.001125
0.001125
0.001125
0.001125
0.001125
0.001125
0.001125
0.001125
0.001125
0.001125
0.001125
0.001125
0.001125
0.001125
0.001125
0.001125
0.001125
0.001125
0.001125
0.001125
0.00112499
0.00112496
0.00112473
0.00112364
0.00112088
0.00111164
0.00110325
0.00107469
0.00106861
0.00105025
0.00103756
0.00104509
0.00107128
0.00110183
0.00111091
0.00112012
0.00112324
0.00112459
0.00112491
0.00112496
0.00112498
0.001125
0.001125
0.001125
0.001125
0.001125
0.001125
0.001125
0.001125
0.001125
0.001125
0.001125
0.001125
0.001125
0.001125
0.001125
0.001125
0.001125
0.001125
0.001125
0.001125
0.001125
0.001125
0.001125
0.001125
0.001125
0.001125
0.001125
0.001125
0.001125
0.001125
0.001125
0.001125
0.001125
0.001125
0.001125
0.001125
0.001125
0.001125
0.001125
0.001125
0.001125
0.001125
0.001125
0.001125
0.001125
0.001125
0.001125
0.001125
0.001125
0.001125
0.001125
0.001125
0.001125
0.001125
0.001125
0.001125
0.001125
0.001125
0.001125
0.001125
0.001125
0.001125
0.001125
0.001125
0.001125
0.001125
0.001125
0.001125
0.001125
0.001125
0.001125
0.001125
0.001125
0.001125
0.001125
0.001125
0.001125
0.001125
0.001125
0.001125
0.001125
0.00112498
0.00112487
0.00112456
0.00112332
0.00112201
0.00111683
0.00111508
0.00111006
0.00110454
0.00110591
0.00111517
0.00112161
0.00112319
0.00112444
0.00112482
0.00112496
0.00112499
0.00112499
0.001125
0.001125
0.001125
0.001125
0.001125
0.001125
0.001125
0.001125
0.001125
0.001125
0.001125
0.001125
0.001125
0.001125
0.001125
0.001125
0.001125
0.001125
0.001125
0.001125
0.001125
0.001125
0.001125
0.001125
0.001125
0.001125
0.001125
0.001125
0.001125
0.001125
0.001125
0.001125
0.001125
0.001125
0.001125
0.001125
0.001125
0.001125
0.001125
0.001125
0.001125
0.001125
0.001125
0.001125
0.001125
0.001125
0.001125
0.001125
0.001125
0.001125
0.001125
0.001125
0.001125
0.001125
0.001125
0.001125
0.001125
0.001125
0.001125
0.001125
0.001125
0.001125
0.001125
0.001125
0.001125
0.001125
0.001125
0.001125
0.001125
0.001125
0.001125
0.001125
0.001125
0.001125
0.001125
0.001125
0.001125
0.001125
0.001125
0.001125
0.001125
0.001125
0.001125
0.00112499
0.00112494
0.00112477
0.00112443
0.00112353
0.00112291
0.00112193
0.00112027
0.00112097
0.00112343
0.00112458
0.00112482
0.00112495
0.00112498
0.001125
0.001125
0.001125
0.001125
0.001125
0.001125
0.001125
0.001125
0.001125
0.001125
0.001125
0.001125
0.001125
0.001125
0.001125
0.001125
0.001125
0.001125
0.001125
0.001125
0.001125
0.001125
0.001125
0.001125
0.001125
0.001125
0.001125
0.001125
0.001125
0.001125
0.001125
0.001125
0.001125
0.001125
0.001125
0.001125
0.001125
0.001125
0.001125
0.001125
0.001125
0.001125
0.001125
0.001125
0.001125
0.001125
0.001125
0.001125
0.001125
0.001125
0.001125
0.001125
0.001125
0.001125
0.001125
0.001125
0.001125
0.001125
0.001125
0.001125
0.001125
0.001125
0.001125
0.001125
0.001125
0.001125
0.001125
0.001125
0.001125
0.001125
0.001125
0.001125
0.001125
0.001125
0.001125
0.001125
0.001125
0.001125
0.001125
0.001125
0.001125
0.001125
0.001125
0.001125
0.001125
0.001125
0.00112499
0.00112495
0.00112483
0.00112459
0.00112429
0.00112408
0.00112401
0.00112378
0.00112422
0.00112476
0.00112495
0.00112499
0.001125
0.001125
0.001125
0.001125
0.001125
0.001125
0.001125
0.001125
0.001125
0.001125
0.001125
0.001125
0.001125
0.001125
0.001125
0.001125
0.001125
0.001125
0.001125
0.001125
0.001125
0.001125
0.001125
0.001125
0.001125
0.001125
0.001125
0.001125
0.001125
0.001125
0.001125
0.001125
0.001125
0.001125
0.001125
0.001125
0.001125
0.001125
0.001125
0.001125
0.001125
0.001125
0.001125
0.001125
0.001125
0.001125
0.001125
0.001125
0.001125
0.001125
0.001125
0.001125
0.001125
0.001125
0.001125
0.001125
0.001125
0.001125
0.001125
0.001125
0.001125
0.001125
0.001125
0.001125
0.001125
0.001125
0.001125
0.001125
0.001125
0.001125
0.001125
0.001125
0.001125
0.001125
0.001125
0.001125
0.001125
0.001125
0.001125
0.001125
0.001125
0.001125
0.001125
0.001125
0.001125
0.001125
0.001125
0.001125
0.00112499
0.00112496
0.00112487
0.0011247
0.00112453
0.00112446
0.00112457
0.00112467
0.00112486
0.00112497
0.00112499
0.001125
0.001125
0.001125
0.001125
0.001125
0.001125
0.001125
0.001125
0.001125
0.001125
0.001125
0.001125
0.001125
0.001125
0.001125
0.001125
0.001125
0.001125
0.001125
0.001125
0.001125
0.001125
0.001125
0.001125
0.001125
0.001125
0.001125
0.001125
0.001125
0.001125
0.001125
0.001125
0.001125
0.001125
0.001125
0.001125
0.001125
0.001125
0.001125
0.001125
0.001125
0.001125
0.001125
0.001125
0.001125
0.001125
0.001125
0.001125
0.001125
0.001125
0.001125
0.001125
0.001125
0.001125
0.001125
0.001125
0.001125
0.001125
0.001125
0.001125
0.001125
0.001125
0.001125
0.001125
0.001125
0.001125
0.001125
0.001125
0.001125
0.001125
0.001125
0.001125
0.001125
0.001125
0.001125
0.001125
0.001125
0.001125
0.001125
0.001125
0.001125
0.001125
0.001125
0.001125
0.001125
0.001125
0.001125
0.001125
0.001125
0.001125
0.00112498
0.00112493
0.00112483
0.00112474
0.00112474
0.00112484
0.00112492
0.00112498
0.001125
0.001125
0.001125
0.001125
0.001125
0.001125
0.001125
0.001125
0.001125
0.001125
0.001125
0.001125
0.001125
0.001125
0.001125
0.001125
0.001125
0.001125
0.001125
0.001125
0.001125
0.001125
0.001125
0.001125
0.001125
0.001125
0.001125
0.001125
0.001125
0.001125
0.001125
0.001125
0.001125
0.001125
0.001125
0.001125
0.001125
0.001125
0.001125
0.001125
0.001125
0.001125
0.001125
0.001125
0.001125
0.001125
0.001125
0.001125
0.001125
0.001125
0.001125
0.001125
0.001125
0.001125
0.001125
0.001125
0.001125
0.001125
0.001125
0.001125
0.001125
0.001125
0.001125
0.001125
0.001125
0.001125
0.001125
0.001125
0.001125
0.001125
0.001125
0.001125
0.001125
0.001125
0.001125
0.001125
0.001125
0.001125
0.001125
0.001125
0.001125
0.001125
0.001125
0.001125
0.001125
0.001125
0.001125
0.001125
0.001125
0.001125
0.001125
0.001125
0.00112499
0.00112497
0.00112493
0.00112489
0.0011249
0.00112495
0.00112498
0.001125
0.001125
0.001125
0.001125
0.001125
0.001125
0.001125
0.001125
0.001125
0.001125
0.001125
0.001125
0.001125
0.001125
0.001125
0.001125
0.001125
0.001125
0.001125
0.001125
0.001125
0.001125
0.001125
0.001125
0.001125
0.001125
0.001125
0.001125
0.001125
0.001125
0.001125
0.001125
0.001125
0.001125
0.001125
0.001125
0.001125
0.001125
0.001125
0.001125
0.001125
0.001125
0.001125
0.001125
0.001125
0.001125
0.001125
0.001125
0.001125
0.001125
0.001125
0.001125
0.001125
0.001125
0.001125
0.001125
0.001125
0.001125
0.001125
0.001125
0.001125
0.001125
0.001125
0.001125
0.001125
0.001125
0.001125
0.001125
0.001125
0.001125
0.001125
0.001125
0.001125
0.001125
0.001125
0.001125
0.001125
0.001125
0.001125
0.001125
0.001125
0.001125
0.001125
0.001125
0.001125
0.001125
0.001125
0.001125
0.001125
0.001125
0.001125
0.001125
0.001125
0.001125
0.00112499
0.00112498
0.00112497
0.00112497
0.00112499
0.001125
0.001125
0.001125
0.001125
0.001125
0.001125
0.001125
0.001125
0.001125
0.001125
0.001125
0.001125
0.001125
0.001125
0.001125
0.001125
0.001125
0.001125
0.001125
0.001125
0.001125
0.001125
0.001125
0.001125
0.001125
0.001125
0.001125
0.001125
0.001125
0.001125
0.001125
0.001125
0.001125
0.001125
0.001125
0.001125
0.001125
0.001125
0.001125
0.001125
0.001125
0.001125
0.001125
0.001125
0.001125
0.001125
0.001125
0.001125
0.001125
0.001125
0.001125
0.001125
0.001125
0.001125
0.001125
0.001125
0.001125
0.001125
0.001125
0.001125
0.001125
0.001125
0.001125
0.001125
0.001125
0.001125
0.001125
0.001125
0.001125
0.001125
0.001125
0.001125
0.001125
0.001125
0.001125
0.001125
0.001125
0.001125
0.001125
0.001125
0.001125
0.001125
0.001125
0.001125
0.001125
0.001125
0.001125
0.001125
0.001125
0.001125
0.001125
0.001125
0.001125
0.001125
0.001125
0.001125
0.001125
0.00112499
0.00112499
0.001125
0.001125
0.001125
0.001125
0.001125
0.001125
0.001125
0.001125
0.001125
0.001125
0.001125
0.001125
0.001125
0.001125
0.001125
0.001125
0.001125
0.001125
0.001125
0.001125
0.001125
0.001125
0.001125
0.001125
0.001125
0.001125
0.001125
0.001125
0.001125
0.001125
0.001125
0.001125
0.001125
0.001125
0.001125
0.001125
0.001125
0.001125
0.001125
0.001125
0.001125
0.001125
0.001125
0.001125
0.001125
0.001125
0.001125
0.001125
0.001125
0.001125
0.001125
0.001125
0.001125
0.001125
0.001125
0.001125
0.001125
0.001125
0.001125
0.001125
0.001125
0.001125
0.001125
0.001125
0.001125
0.001125
0.001125
0.001125
0.001125
0.001125
0.001125
0.001125
0.001125
0.001125
0.001125
0.001125
0.001125
0.001125
0.001125
0.001125
0.001125
0.001125
0.001125
0.001125
0.001125
0.001125
0.001125
0.001125
0.001125
0.001125
0.001125
0.001125
0.001125
0.001125
0.001125
0.001125
0.001125
0.001125
0.001125
0.001125
0.001125
0.001125
0.001125
0.001125
0.001125
0.001125
0.001125
0.001125
0.001125
0.001125
0.001125
0.001125
0.001125
0.001125
0.001125
0.001125
0.001125
0.001125
0.001125
0.001125
0.001125
0.001125
0.001125
0.001125
0.001125
0.001125
0.001125
0.001125
0.001125
0.001125
0.001125
0.001125
0.001125
0.001125
0.001125
0.001125
0.001125
0.001125
0.001125
0.001125
0.001125
0.001125
0.001125
0.001125
0.001125
0.001125
0.001125
0.001125
0.001125
0.001125
0.001125
0.001125
0.001125
0.001125
0.001125
0.001125
0.001125
0.001125
0.001125
0.001125
0.001125
0.001125
0.001125
0.001125
0.001125
0.001125
0.001125
0.001125
0.001125
0.001125
0.001125
0.001125
0.001125
0.001125
0.001125
0.001125
0.001125
0.001125
0.001125
0.001125
0.001125
0.001125
0.001125
0.001125
0.001125
0.001125
0.001125
0.001125
0.001125
0.001125
0.001125
0.001125
0.001125
0.001125
0.001125
0.001125
0.001125
0.001125
0.001125
0.001125
0.001125
0.001125
0.001125
0.001125
0.001125
0.001125
0.001125
0.001125
0.001125
0.001125
0.001125
0.001125
0.001125
0.001125
0.001125
0.001125
0.001125
0.001125
0.001125
0.001125
0.001125
0.001125
0.001125
0.001125
0.001125
0.001125
0.001125
0.001125
0.001125
0.001125
0.001125
0.001125
0.001125
0.001125
0.001125
0.001125
0.001125
0.001125
0.001125
0.001125
0.001125
0.001125
0.001125
0.001125
0.001125
0.001125
0.001125
0.001125
0.001125
0.001125
0.001125
0.001125
0.001125
0.001125
0.001125
0.001125
0.001125
0.001125
0.001125
0.001125
0.001125
0.001125
0.001125
0.001125
0.001125
0.001125
0.001125
0.001125
0.001125
0.001125
0.001125
0.001125
0.001125
0.001125
0.001125
0.001125
0.001125
0.001125
0.001125
0.001125
0.001125
0.001125
0.001125
0.001125
0.001125
0.001125
0.001125
0.001125
0.001125
0.001125
0.001125
0.001125
0.001125
0.001125
0.001125
0.001125
0.001125
0.001125
0.001125
0.001125
0.001125
0.001125
0.001125
0.001125
0.001125
0.001125
0.001125
0.001125
0.001125
0.001125
0.001125
0.001125
0.001125
0.001125
0.001125
0.001125
0.001125
0.001125
0.001125
0.001125
0.001125
0.001125
0.001125
0.001125
0.001125
0.001125
0.001125
0.001125
0.001125
0.001125
0.001125
0.001125
0.001125
0.001125
0.001125
0.001125
0.001125
0.001125
0.001125
0.001125
0.001125
0.001125
0.001125
0.001125
0.001125
0.001125
0.001125
0.001125
0.001125
0.001125
0.001125
0.001125
0.001125
0.001125
0.001125
0.001125
0.001125
0.001125
0.001125
0.001125
0.001125
0.001125
0.001125
0.001125
0.001125
0.001125
0.001125
0.001125
0.001125
0.001125
0.001125
0.001125
0.001125
0.001125
0.001125
0.001125
0.001125
0.001125
0.001125
0.001125
0.001125
0.001125
0.001125
0.001125
0.001125
0.001125
0.001125
0.001125
0.001125
0.001125
0.001125
0.001125
0.001125
0.001125
0.001125
0.001125
0.001125
0.001125
0.001125
0.001125
0.001125
0.001125
0.001125
0.001125
0.001125
0.001125
0.001125
0.001125
0.001125
0.001125
0.001125
0.001125
0.001125
0.001125
0.001125
0.001125
0.001125
0.001125
0.001125
0.001125
0.001125
0.001125
0.001125
0.001125
0.001125
0.001125
0.001125
0.001125
0.001125
0.001125
0.001125
0.001125
0.001125
0.001125
0.001125
0.001125
0.001125
0.001125
0.001125
0.001125
0.001125
0.001125
0.001125
0.001125
0.001125
0.001125
0.001125
0.001125
0.001125
0.001125
0.001125
0.001125
0.001125
0.001125
0.001125
0.001125
0.001125
0.001125
0.001125
0.001125
0.001125
0.001125
0.001125
0.001125
0.001125
0.001125
0.001125
0.001125
0.001125
0.001125
0.001125
0.001125
0.001125
0.001125
0.001125
0.001125
0.001125
0.001125
0.001125
0.001125
0.001125
0.001125
0.001125
0.001125
0.001125
0.001125
0.001125
0.001125
0.001125
0.001125
0.001125
0.001125
0.001125
0.001125
0.001125
0.001125
0.001125
0.001125
0.001125
0.001125
0.001125
0.001125
0.001125
0.001125
0.001125
0.001125
0.001125
0.001125
0.001125
0.001125
0.001125
0.001125
0.001125
0.001125
0.001125
0.001125
0.001125
0.001125
0.001125
0.001125
0.001125
0.001125
0.001125
0.001125
0.001125
0.001125
0.001125
0.001125
0.001125
0.001125
0.001125
0.001125
0.001125
0.001125
0.001125
0.001125
0.001125
0.001125
0.001125
0.001125
0.001125
0.001125
0.001125
0.001125
0.001125
0.001125
0.001125
0.001125
0.001125
0.001125
0.001125
0.001125
0.001125
0.001125
0.001125
0.001125
0.001125
0.001125
0.001125
0.001125
0.001125
0.001125
0.001125
0.001125
0.001125
0.001125
0.001125
0.001125
0.001125
0.001125
0.001125
0.001125
0.001125
0.001125
0.001125
0.001125
0.001125
0.001125
0.001125
0.001125
0.001125
0.001125
0.001125
0.001125
0.001125
0.001125
0.001125
0.001125
0.001125
0.001125
0.001125
0.001125
0.001125
0.001125
0.001125
0.001125
0.001125
0.001125
0.001125
0.001125
0.001125
0.001125
0.001125
0.001125
0.001125
0.001125
0.001125
0.001125
0.001125
0.001125
0.001125
0.001125
0.001125
0.001125
0.001125
0.001125
0.001125
0.001125
0.001125
0.001125
0.001125
0.001125
0.001125
0.001125
0.001125
0.001125
0.001125
0.001125
0.001125
0.001125
0.001125
0.001125
0.001125
0.001125
0.001125
0.001125
0.001125
0.001125
0.001125
0.001125
0.001125
0.001125
0.001125
0.001125
0.001125
0.001125
0.001125
0.001125
0.001125
0.001125
0.001125
0.001125
0.001125
0.001125
0.001125
0.001125
0.001125
0.001125
0.001125
0.001125
0.001125
0.001125
0.001125
0.001125
0.001125
0.001125
0.001125
0.001125
0.001125
0.001125
0.001125
0.001125
0.001125
0.001125
0.001125
0.001125
0.001125
0.001125
0.001125
0.001125
0.001125
0.001125
0.001125
0.001125
0.001125
0.001125
0.001125
0.001125
0.001125
0.001125
0.001125
0.001125
0.001125
0.001125
0.001125
0.001125
0.001125
0.001125
0.001125
0.001125
0.001125
0.001125
0.001125
0.001125
0.001125
0.001125
0.001125
0.001125
0.001125
0.001125
0.001125
0.001125
0.001125
0.001125
0.001125
0.001125
0.001125
0.001125
0.001125
0.001125
0.001125
0.001125
0.001125
0.001125
0.001125
0.001125
0.001125
0.001125
0.001125
0.001125
0.001125
0.001125
0.001125
0.001125
0.001125
0.001125
0.001125
0.001125
0.001125
0.001125
0.001125
0.001125
0.001125
0.001125
0.001125
0.001125
0.001125
0.001125
0.001125
0.001125
0.001125
0.001125
0.001125
0.001125
0.001125
0.001125
0.001125
0.001125
0.001125
0.001125
0.001125
0.001125
0.001125
0.001125
0.001125
0.001125
0.001125
0.001125
0.001125
0.001125
0.001125
0.001125
0.001125
0.001125
0.001125
0.001125
0.001125
0.001125
0.001125
0.001125
0.001125
0.001125
0.001125
0.001125
0.001125
0.001125
0.001125
0.001125
0.001125
0.001125
0.001125
0.001125
0.001125
0.001125
0.001125
0.001125
0.001125
0.001125
0.001125
0.001125
0.001125
0.001125
0.001125
0.001125
0.001125
0.001125
0.001125
0.001125
0.001125
0.001125
0.001125
0.001125
0.001125
0.001125
0.001125
0.001125
0.001125
0.001125
0.001125
0.001125
0.001125
0.001125
0.001125
0.001125
0.001125
0.001125
0.001125
0.001125
0.001125
0.001125
0.001125
0.001125
0.001125
0.001125
0.001125
0.001125
0.001125
0.001125
0.001125
0.001125
0.001125
0.001125
0.001125
0.001125
0.001125
0.001125
0.001125
0.001125
0.001125
0.001125
0.001125
0.001125
0.001125
0.001125
0.001125
0.001125
0.001125
0.001125
0.001125
0.001125
0.001125
0.001125
0.001125
0.001125
0.001125
0.001125
0.001125
0.001125
0.001125
0.001125
0.001125
0.001125
0.001125
0.001125
0.001125
0.001125
0.001125
0.001125
0.001125
0.001125
0.001125
0.001125
0.001125
0.001125
0.001125
0.001125
0.001125
0.001125
0.001125
0.001125
0.001125
0.001125
0.001125
0.001125
0.001125
0.001125
0.001125
0.001125
0.001125
0.001125
0.001125
0.001125
0.001125
0.001125
0.001125
0.001125
0.001125
0.001125
0.001125
0.001125
0.001125
0.001125
0.001125
0.001125
0.001125
0.001125
0.001125
0.001125
0.001125
0.001125
0.001125
0.001125
0.001125
0.001125
0.001125
0.001125
0.001125
0.001125
0.001125
0.001125
0.001125
0.001125
0.001125
0.001125
0.001125
0.001125
0.001125
0.001125
0.001125
0.001125
0.001125
0.001125
0.001125
0.001125
0.001125
0.001125
0.001125
0.001125
0.001125
0.001125
0.001125
0.001125
0.001125
0.001125
0.001125
0.001125
0.001125
0.001125
0.001125
0.001125
0.001125
0.001125
0.001125
0.001125
0.001125
0.001125
0.001125
0.001125
0.001125
0.001125
0.001125
0.001125
0.001125
0.001125
0.001125
0.001125
0.001125
0.001125
0.001125
0.001125
0.001125
0.001125
0.001125
0.001125
0.001125
0.001125
0.001125
0.001125
0.001125
0.001125
0.001125
0.001125
0.001125
0.001125
0.001125
0.001125
0.001125
0.001125
0.001125
0.001125
0.001125
0.001125
0.001125
0.001125
0.001125
0.001125
0.001125
0.001125
0.001125
0.001125
0.001125
0.001125
0.001125
0.001125
0.001125
0.001125
0.001125
0.001125
0.001125
0.001125
0.001125
0.001125
0.001125
0.001125
0.001125
0.001125
0.001125
0.001125
0.001125
0.001125
0.001125
0.001125
0.001125
0.001125
0.001125
0.001125
0.001125
0.001125
0.001125
0.001125
0.001125
0.001125
0.001125
0.001125
0.001125
0.001125
0.001125
0.001125
0.001125
0.001125
0.001125
0.001125
0.001125
0.001125
0.001125
0.001125
0.001125
0.001125
0.001125
0.001125
0.001125
0.001125
0.001125
0.001125
0.001125
0.001125
0.001125
0.001125
0.001125
0.001125
0.001125
0.001125
0.001125
0.001125
0.001125
0.001125
0.001125
0.001125
0.001125
0.001125
0.001125
0.001125
0.001125
0.001125
0.001125
0.001125
0.001125
0.001125
0.001125
0.001125
0.001125
0.001125
0.001125
0.001125
0.001125
0.001125
0.001125
0.001125
0.001125
0.001125
0.001125
0.001125
0.001125
0.001125
0.001125
0.001125
0.001125
0.001125
0.001125
0.001125
0.001125
0.001125
0.001125
0.001125
0.001125
0.001125
0.001125
0.001125
0.001125
0.001125
0.001125
0.001125
0.001125
0.001125
0.001125
0.001125
0.001125
0.001125
0.001125
0.001125
0.001125
0.001125
0.001125
0.001125
0.001125
0.001125
0.001125
0.001125
0.001125
0.001125
0.001125
0.001125
0.001125
0.001125
0.001125
0.001125
0.001125
0.001125
0.001125
0.001125
0.001125
0.001125
0.001125
0.001125
0.001125
0.001125
0.001125
0.001125
0.001125
0.001125
0.001125
0.001125
0.001125
0.001125
0.001125
0.001125
0.001125
0.001125
0.001125
0.001125
0.001125
0.001125
0.001125
0.001125
0.001125
0.001125
0.001125
0.001125
0.001125
0.001125
0.001125
0.001125
0.001125
0.001125
0.001125
0.001125
0.001125
0.001125
0.001125
0.001125
0.001125
0.001125
0.001125
0.001125
0.001125
0.001125
0.001125
0.001125
0.001125
0.001125
0.001125
0.001125
0.001125
0.001125
0.001125
0.001125
0.001125
0.001125
0.001125
0.001125
0.001125
0.001125
0.001125
0.001125
0.001125
0.001125
0.001125
0.001125
0.001125
0.001125
0.001125
0.001125
0.001125
0.001125
0.001125
0.001125
0.001125
0.001125
0.001125
0.001125
0.001125
0.001125
0.001125
0.001125
0.001125
0.001125
0.001125
0.001125
0.001125
0.001125
0.001125
0.001125
0.001125
0.001125
0.001125
0.001125
0.001125
0.001125
0.001125
0.001125
0.001125
0.001125
0.001125
0.001125
0.001125
0.001125
0.001125
0.001125
0.001125
0.001125
0.001125
0.001125
0.001125
0.001125
0.001125
0.001125
0.001125
0.001125
0.001125
0.001125
0.001125
0.001125
0.001125
0.001125
0.001125
0.001125
0.001125
0.001125
0.001125
0.001125
0.001125
0.001125
0.001125
0.001125
0.001125
0.001125
0.001125
0.001125
0.001125
0.001125
0.001125
0.001125
0.001125
0.001125
0.001125
0.001125
0.001125
0.001125
0.001125
0.001125
0.001125
0.001125
0.001125
0.001125
0.001125
0.001125
0.001125
0.001125
0.001125
0.001125
0.001125
0.001125
0.001125
0.001125
0.001125
0.001125
0.001125
0.001125
0.001125
0.001125
0.001125
0.001125
0.001125
0.001125
0.001125
0.001125
0.001125
0.001125
0.001125
0.001125
0.001125
0.001125
0.001125
0.001125
0.001125
0.001125
0.001125
0.001125
0.001125
0.001125
0.001125
0.001125
0.001125
0.001125
0.001125
0.001125
0.001125
0.001125
0.001125
0.001125
0.001125
0.001125
0.001125
0.001125
0.001125
0.001125
0.001125
0.001125
0.001125
0.001125
0.001125
0.001125
0.001125
0.001125
0.001125
0.001125
0.001125
0.001125
0.001125
0.001125
0.001125
0.001125
0.001125
0.001125
0.001125
0.001125
0.001125
0.001125
0.001125
0.001125
0.001125
0.001125
0.001125
0.001125
0.001125
0.001125
0.001125
0.001125
0.001125
0.001125
0.001125
0.001125
0.001125
0.001125
0.001125
0.001125
0.001125
0.001125
0.001125
0.001125
0.001125
0.001125
0.001125
0.001125
0.001125
0.001125
0.001125
0.001125
0.001125
0.001125
0.001125
0.001125
0.001125
0.001125
0.001125
0.001125
0.001125
0.001125
0.001125
0.001125
0.001125
0.001125
0.001125
0.001125
0.001125
0.001125
0.001125
0.001125
0.001125
0.001125
0.001125
0.001125
0.001125
0.001125
0.001125
0.001125
0.001125
0.001125
0.001125
0.001125
0.001125
0.001125
0.001125
0.001125
0.001125
0.001125
0.001125
0.001125
0.001125
0.001125
0.001125
0.001125
0.001125
0.001125
0.001125
0.001125
0.001125
0.001125
0.001125
0.001125
0.001125
0.001125
0.001125
0.001125
0.001125
0.001125
0.001125
0.001125
0.001125
0.001125
0.001125
0.001125
0.001125
0.001125
0.001125
0.001125
0.001125
0.001125
0.001125
0.001125
0.001125
0.001125
0.001125
0.001125
0.001125
0.001125
0.001125
0.001125
0.001125
0.001125
0.001125
0.001125
0.001125
0.001125
0.001125
0.001125
0.001125
0.001125
0.001125
0.001125
0.001125
0.001125
0.001125
0.001125
0.001125
0.001125
0.001125
0.001125
0.001125
0.001125
0.001125
0.001125
0.001125
0.001125
0.001125
0.001125
0.001125
0.001125
0.001125
0.001125
0.001125
0.001125
0.001125
0.001125
0.001125
0.001125
0.001125
0.001125
0.001125
0.001125
0.001125
0.001125
0.001125
0.001125
0.001125
0.001125
0.001125
0.001125
0.001125
0.001125
0.001125
0.001125
0.001125
0.001125
0.001125
0.001125
0.001125
0.001125
0.001125
0.001125
0.001125
0.001125
0.001125
0.001125
0.001125
0.001125
0.001125
0.001125
0.001125
0.001125
0.001125
0.001125
0.001125
0.001125
0.001125
0.001125
0.001125
0.001125
0.001125
0.001125
0.001125
0.001125
0.001125
0.001125
0.001125
0.001125
0.001125
0.001125
0.001125
0.001125
0.001125
0.001125
0.001125
0.001125
0.001125
0.001125
0.001125
0.001125
0.001125
0.001125
0.001125
0.001125
0.001125
0.001125
0.001125
0.001125
0.001125
0.001125
0.001125
0.001125
0.001125
0.001125
0.001125
0.001125
0.001125
0.001125
0.001125
0.001125
0.001125
0.001125
0.001125
0.001125
0.001125
0.001125
0.001125
0.001125
0.001125
0.001125
0.001125
0.001125
0.001125
0.001125
0.001125
0.001125
0.001125
0.001125
0.001125
0.001125
0.001125
0.001125
0.001125
0.001125
0.001125
0.001125
0.001125
0.001125
0.001125
0.001125
0.001125
0.001125
0.001125
0.001125
0.001125
0.001125
0.001125
0.001125
0.001125
0.001125
0.001125
0.001125
0.001125
0.001125
0.001125
0.001125
0.001125
0.001125
0.001125
0.001125
0.001125
0.001125
0.001125
0.001125
0.001125
0.001125
0.001125
0.001125
0.001125
0.001125
0.001125
0.001125
0.001125
0.001125
0.001125
0.001125
0.001125
0.001125
0.001125
0.001125
0.001125
0.001125
0.001125
0.001125
0.001125
0.001125
0.001125
0.001125
0.001125
0.001125
0.001125
0.001125
0.001125
0.001125
0.001125
0.001125
0.001125
0.001125
0.001125
0.001125
0.001125
0.001125
0.001125
0.001125
0.001125
0.001125
0.001125
0.001125
0.001125
0.001125
0.001125
0.001125
0.001125
0.001125
0.001125
0.001125
0.001125
0.001125
0.001125
0.001125
0.001125
0.001125
0.001125
0.001125
0.001125
0.001125
0.001125
0.001125
0.001125
0.001125
0.001125
0.001125
0.001125
0.001125
0.001125
0.001125
0.001125
0.001125
0.001125
0.001125
0.001125
0.001125
0.001125
0.001125
0.001125
0.001125
0.001125
0.001125
0.001125
0.001125
0.001125
0.001125
0.001125
0.001125
0.001125
0.001125
0.001125
0.001125
0.001125
0.001125
0.001125
0.001125
0.001125
0.001125
0.001125
0.001125
0.001125
0.001125
0.001125
0.001125
0.001125
0.001125
0.001125
0.001125
0.001125
0.001125
0.001125
0.001125
0.001125
0.001125
0.001125
0.001125
0.001125
0.001125
0.001125
0.001125
0.001125
0.001125
0.001125
0.001125
0.001125
0.001125
0.001125
0.001125
0.001125
0.001125
0.001125
0.001125
0.001125
0.001125
0.001125
0.001125
0.001125
0.001125
0.001125
0.001125
0.001125
0.001125
0.001125
0.001125
0.001125
0.001125
0.001125
0.001125
0.001125
0.001125
0.001125
0.001125
0.001125
0.001125
0.001125
0.001125
0.001125
0.001125
0.001125
0.001125
0.001125
0.001125
0.001125
0.001125
0.001125
0.001125
0.001125
0.001125
0.001125
0.001125
0.001125
0.001125
0.001125
0.001125
0.001125
0.001125
0.001125
0.001125
0.001125
0.001125
0.001125
0.001125
0.001125
0.001125
0.001125
0.001125
0.001125
0.001125
0.001125
0.001125
0.001125
0.001125
0.001125
0.001125
0.001125
0.001125
0.001125
0.001125
0.001125
0.001125
0.001125
0.001125
0.001125
0.001125
0.001125
0.001125
0.001125
0.001125
0.001125
0.001125
0.001125
0.001125
0.001125
0.001125
0.001125
0.001125
0.001125
0.001125
0.001125
0.001125
0.001125
0.001125
0.001125
0.001125
0.001125
0.001125
0.001125
0.001125
0.001125
0.001125
0.001125
0.001125
0.001125
0.001125
0.001125
0.001125
0.001125
0.001125
0.001125
0.001125
0.001125
0.001125
0.001125
0.001125
0.001125
0.001125
0.001125
0.001125
0.001125
0.001125
0.001125
0.001125
0.001125
0.001125
0.001125
0.001125
0.001125
0.001125
0.001125
0.001125
0.001125
0.001125
0.001125
0.001125
0.001125
0.001125
0.001125
0.001125
0.001125
0.001125
0.001125
0.001125
0.001125
0.001125
0.001125
0.001125
0.001125
0.001125
0.001125
0.001125
0.001125
0.001125
0.001125
0.001125
0.001125
0.001125
0.001125
0.001125
0.001125
0.001125
0.001125
0.001125
0.001125
0.001125
0.001125
0.001125
0.001125
0.001125
0.001125
0.001125
0.001125
0.001125
0.001125
0.001125
0.001125
0.001125
0.001125
0.001125
0.001125
0.001125
0.001125
0.001125
0.001125
0.001125
0.001125
0.001125
0.001125
0.001125
0.001125
0.001125
0.001125
0.001125
0.001125
0.001125
0.001125
0.001125
0.001125
0.001125
0.001125
0.001125
0.001125
0.001125
0.001125
0.001125
0.001125
0.001125
0.001125
0.001125
0.001125
0.001125
0.001125
0.001125
0.001125
0.001125
0.001125
0.001125
0.001125
0.001125
0.001125
0.001125
0.001125
0.001125
0.001125
0.001125
0.001125
0.001125
0.001125
0.001125
0.001125
0.001125
0.001125
0.001125
0.001125
0.001125
0.001125
0.001125
0.001125
0.001125
0.001125
0.001125
0.001125
0.001125
0.001125
0.001125
0.001125
0.001125
0.001125
0.001125
0.001125
0.001125
0.001125
0.001125
0.001125
0.001125
0.001125
0.001125
0.001125
0.001125
0.001125
0.001125
0.001125
0.001125
0.001125
0.001125
0.001125
0.001125
0.001125
0.001125
0.001125
0.001125
0.001125
0.001125
0.001125
0.001125
0.001125
0.001125
0.001125
0.001125
0.001125
0.001125
0.001125
0.001125
0.001125
0.001125
0.001125
0.001125
0.001125
0.001125
0.001125
0.001125
0.001125
0.001125
0.001125
0.001125
0.001125
0.001125
0.001125
0.001125
0.001125
0.001125
0.001125
0.001125
0.001125
0.001125
0.001125
0.001125
0.001125
0.001125
0.001125
0.001125
0.001125
0.001125
0.001125
0.001125
0.001125
0.001125
0.001125
0.001125
0.001125
0.001125
0.001125
0.001125
0.001125
0.001125
0.001125
0.001125
0.001125
0.001125
0.001125
0.001125
0.001125
0.001125
0.001125
0.001125
0.001125
0.001125
0.001125
0.001125
0.001125
0.001125
0.001125
0.001125
0.001125
0.001125
0.001125
0.001125
0.001125
0.001125
0.001125
0.001125
0.001125
0.001125
0.001125
0.001125
0.001125
0.001125
0.001125
0.001125
0.001125
0.001125
0.001125
0.001125
0.001125
0.001125
0.001125
0.001125
0.001125
0.001125
0.001125
0.001125
0.001125
0.001125
0.001125
0.001125
0.001125
0.001125
0.001125
0.001125
0.001125
0.001125
0.001125
0.001125
0.001125
0.001125
0.001125
0.001125
0.001125
0.001125
0.001125
0.001125
0.001125
0.001125
0.001125
0.001125
0.001125
0.001125
0.001125
0.001125
0.001125
0.001125
0.001125
0.001125
0.001125
0.001125
0.001125
0.001125
0.001125
0.001125
0.001125
0.001125
0.001125
0.001125
0.001125
0.001125
0.001125
0.001125
0.001125
0.001125
0.001125
0.001125
0.001125
0.001125
0.001125
0.001125
0.001125
0.001125
0.001125
0.001125
0.001125
0.001125
0.001125
0.001125
0.001125
0.001125
0.001125
0.001125
0.001125
0.001125
0.001125
0.001125
0.001125
0.001125
0.001125
0.001125
0.001125
0.001125
0.001125
0.001125
0.001125
0.001125
0.001125
0.001125
0.001125
0.001125
0.001125
0.001125
0.001125
0.001125
0.001125
0.001125
0.001125
0.001125
0.001125
0.001125
0.001125
0.001125
0.001125
0.001125
0.001125
0.001125
0.001125
0.001125
0.001125
0.001125
0.001125
0.001125
0.001125
0.001125
0.001125
0.001125
0.001125
0.001125
0.001125
0.001125
0.001125
0.001125
0.001125
0.001125
0.001125
0.001125
0.001125
0.001125
0.001125
0.001125
0.001125
0.001125
0.001125
0.001125
0.001125
0.001125
0.001125
0.001125
0.001125
0.001125
0.001125
0.001125
0.001125
0.001125
0.001125
0.001125
0.001125
0.001125
0.001125
0.001125
0.001125
0.001125
0.001125
0.001125
0.001125
0.001125
0.001125
0.001125
0.001125
0.001125
0.001125
0.001125
0.001125
0.001125
0.001125
0.001125
0.001125
0.001125
0.001125
0.001125
0.001125
0.001125
0.001125
0.001125
0.001125
0.001125
0.001125
0.001125
0.001125
0.001125
0.001125
0.001125
0.001125
0.001125
0.001125
0.001125
0.001125
0.001125
0.001125
0.001125
0.001125
0.001125
0.001125
0.001125
0.001125
0.001125
0.001125
0.001125
0.001125
0.001125
0.001125
0.001125
0.001125
0.001125
0.001125
0.001125
0.001125
0.001125
0.001125
0.001125
0.001125
0.001125
0.001125
0.001125
0.001125
0.001125
0.001125
0.001125
0.001125
0.001125
0.001125
0.001125
0.001125
0.001125
0.001125
0.001125
0.001125
0.001125
0.001125
0.001125
0.001125
0.001125
0.001125
0.001125
0.001125
0.001125
0.001125
0.001125
0.001125
0.001125
0.001125
0.001125
0.001125
0.001125
0.001125
0.001125
0.001125
0.001125
0.001125
0.001125
0.001125
0.001125
0.001125
0.001125
0.001125
0.001125
0.001125
0.001125
0.001125
0.001125
0.001125
0.001125
0.001125
0.001125
0.001125
0.001125
0.001125
0.001125
0.001125
0.001125
0.001125
0.001125
0.001125
0.001125
0.001125
0.001125
0.001125
0.001125
0.001125
0.001125
0.001125
0.001125
0.001125
0.001125
0.001125
0.001125
0.001125
0.001125
0.001125
0.001125
0.001125
0.001125
0.001125
0.001125
0.001125
0.001125
0.001125
0.001125
0.001125
0.001125
0.001125
0.001125
0.001125
0.001125
0.001125
0.001125
0.001125
0.001125
0.001125
0.001125
0.001125
0.001125
0.001125
0.001125
0.001125
0.001125
0.001125
0.001125
0.001125
0.001125
0.001125
0.001125
0.001125
0.001125
0.001125
0.001125
0.001125
0.001125
0.001125
0.001125
0.001125
0.001125
0.001125
0.001125
0.001125
0.001125
0.001125
0.001125
0.001125
0.001125
0.001125
0.001125
0.001125
0.001125
0.001125
0.001125
0.001125
0.001125
0.001125
0.001125
0.001125
0.001125
0.001125
0.001125
0.001125
0.001125
0.001125
0.001125
0.001125
0.001125
0.001125
0.001125
0.001125
0.001125
0.001125
0.001125
0.001125
0.001125
0.001125
0.001125
0.001125
0.001125
0.001125
0.001125
0.001125
0.001125
0.001125
0.001125
0.001125
0.001125
0.001125
0.001125
0.001125
0.001125
0.001125
0.001125
0.001125
0.001125
0.001125
0.001125
0.001125
0.001125
0.001125
0.001125
0.001125
0.001125
0.001125
0.001125
0.001125
0.001125
0.001125
0.001125
0.001125
0.001125
0.001125
0.001125
0.001125
0.001125
0.001125
0.001125
0.001125
0.001125
0.001125
0.001125
0.001125
0.001125
0.001125
0.001125
0.001125
0.001125
0.001125
0.001125
0.001125
0.001125
0.001125
0.001125
0.001125
0.001125
0.001125
0.001125
0.001125
0.001125
0.001125
0.001125
0.001125
0.001125
0.001125
0.001125
0.001125
0.001125
0.001125
0.001125
0.001125
0.001125
0.001125
0.001125
0.001125
0.001125
0.001125
0.001125
0.001125
0.001125
0.001125
0.001125
0.001125
0.001125
0.001125
0.001125
0.001125
0.001125
0.001125
0.001125
0.001125
0.001125
0.001125
0.001125
0.001125
0.001125
0.001125
0.001125
0.001125
0.001125
0.001125
0.001125
0.001125
0.001125
0.001125
0.001125
0.001125
0.001125
0.001125
0.001125
0.001125
0.001125
0.001125
0.001125
0.001125
0.001125
0.001125
0.001125
0.001125
0.001125
0.001125
0.001125
0.001125
0.001125
0.001125
0.001125
0.001125
0.001125
0.001125
0.001125
0.001125
0.001125
0.001125
0.001125
0.001125
0.001125
0.001125
0.001125
0.001125
0.001125
0.001125
0.001125
0.001125
0.001125
0.001125
0.001125
0.001125
0.001125
0.001125
0.001125
0.001125
0.001125
0.001125
0.001125
0.001125
0.001125
0.001125
0.001125
0.001125
0.001125
0.001125
0.001125
0.001125
0.001125
0.001125
0.001125
0.001125
0.001125
0.001125
0.001125
0.001125
0.001125
0.001125
0.001125
0.001125
0.001125
0.001125
0.001125
0.001125
0.001125
0.001125
0.001125
0.001125
0.001125
0.001125
0.001125
0.001125
0.001125
0.001125
0.001125
0.001125
0.001125
0.001125
0.001125
0.001125
0.001125
0.001125
0.001125
0.001125
0.001125
0.001125
0.001125
0.001125
0.001125
0.001125
0.001125
0.001125
0.001125
0.001125
0.001125
0.001125
0.001125
0.001125
0.001125
0.001125
0.001125
0.001125
0.001125
0.001125
0.001125
0.001125
0.001125
0.001125
0.001125
0.001125
0.001125
0.001125
0.001125
0.001125
0.001125
0.001125
0.001125
0.001125
0.001125
0.001125
0.001125
0.001125
0.001125
0.001125
0.001125
0.001125
0.001125
0.001125
0.001125
0.001125
0.001125
0.001125
0.001125
0.001125
0.001125
0.001125
0.001125
0.001125
0.001125
0.001125
0.001125
0.001125
0.001125
0.001125
0.001125
0.001125
0.001125
0.001125
0.001125
0.001125
0.001125
0.001125
0.001125
0.001125
0.001125
0.001125
0.001125
0.001125
0.001125
0.001125
0.001125
0.001125
0.001125
0.001125
0.001125
0.001125
0.001125
0.001125
0.001125
0.001125
0.001125
0.001125
0.001125
0.001125
0.001125
0.001125
0.001125
0.001125
0.001125
0.001125
0.001125
0.001125
0.001125
0.001125
0.001125
0.001125
0.001125
0.001125
0.001125
0.001125
0.001125
0.001125
0.001125
0.001125
0.001125
0.001125
0.001125
0.001125
0.001125
0.001125
0.001125
0.001125
0.001125
0.001125
0.001125
0.001125
0.001125
0.001125
0.001125
0.001125
0.001125
0.001125
0.001125
0.001125
0.001125
0.001125
0.001125
0.001125
0.001125
0.001125
0.001125
0.001125
0.001125
0.001125
0.001125
0.001125
0.001125
0.001125
0.001125
0.001125
0.001125
0.001125
0.001125
0.001125
0.001125
0.001125
0.001125
0.001125
0.001125
0.001125
0.001125
0.001125
0.001125
0.001125
0.001125
0.001125
0.001125
0.001125
0.001125
0.001125
0.001125
0.001125
0.001125
0.001125
0.001125
0.001125
0.001125
0.001125
0.001125
0.001125
0.001125
0.001125
0.001125
0.001125
0.001125
0.001125
0.001125
0.001125
0.001125
0.001125
0.001125
0.001125
0.001125
0.001125
0.001125
0.001125
0.001125
0.001125
0.001125
0.001125
0.001125
0.001125
0.001125
0.001125
0.001125
0.001125
0.001125
0.001125
0.001125
0.001125
0.001125
0.001125
0.001125
0.001125
0.001125
0.001125
0.001125
0.001125
0.001125
0.001125
0.001125
0.001125
0.001125
0.001125
0.001125
0.001125
)
;

boundaryField
{
    front
    {
        type            zeroGradient;
    }
    back
    {
        type            zeroGradient;
    }
    left
    {
        type            zeroGradient;
    }
    right
    {
        type            zeroGradient;
    }
    topAndBottom
    {
        type            empty;
    }
}


// ************************************************************************* //
